## Antdroid/Minotauri NFL Roster for 2017-18 Season
## version 1.60 (3-14-2018)
## http://www.AntDroid.net
######################################################################  RAVENS
Baltimore Ravens,BAL
OL,Morgan Cox,31,2010,69,73,83,50,50,50,0.7,4
WR,Benjamin Watson,37,2004,68,82,86,73,65,65,2.2,1
K,Justin Tucker,28,2012,68,70,84,97,97,57,3.4,3
QB,Ryan Mallett,29,2011,76,62,87,89,60,50,1.8,1
S,Eric Weddle,32,2007,74,93,92,79,73,79,4.9,3
CB,Brandon Carr,31,2008,74,80,90,77,76,60,4.1,4
CB,Jimmy Smith,29,2011,78,88,89,82,79,69,9.1,3
OL,Austin Howard,30,2010,76,77,84,76,87,62,3.2,3
WR,Jeremy Maclin,29,2009,71,82,84,83,85,76,4.8,2
RB,Danny Woodhead,32,2008,68,83,82,67,77,74,2.2,3
S,Lardarius Webb,32,2009,65,77,87,79,81,53,1.5,3
LB,Terrell Suggs,35,2003,44,84,92,83,85,71,5.1,2
K,Sam Koch,35,2006,67,72,80,83,87,59,2.4,4
OL,Marshal Yanda,33,2007,79,98,93,87,93,76,5.7,2
QB,Joe Flacco,32,2008,79,78,95,95,65,50,19,2
WR,Mike Wallace,31,2009,77,86,89,73,85,72,5.4,1
DL,Brandon Williams,28,2013,71,90,80,93,87,70,7.8,5
S,Anthony Levine Sr.,30,2010,72,77,83,79,75,59,0.9,3
LB,Steven Johnson,29,2012,59,66,85,68,60,69,0.5,1
OL,Ryan Jensen,26,2013,81,77,88,81,89,60,1.1,1
S,Tony Jefferson,25,2013,81,91,84,79,71,77,6.6,4
OL,Luke Bowanko,26,2014,69,65,82,75,71,60,0.4,1
LB,CJ Mosley,25,2014,83,85,89,87,68,77,2.8,2
DL,Brent Urban,26,2014,80,74,77,64,65,70,0.4,1
RB,Terrance West,26,2014,83,86,90,75,77,77,1.1,1
WR,Michael Campanaro,26,2014,77,73,83,68,81,69,0.9,1
OL,James Hurst,26,2014,73,79,81,63,60,60,0.9,1
RB,Javorius Allen,26,2015,71,73,85,71,77,74,0.5,2
WR,Breshad Perriman,24,2015,81,68,78,63,91,76,2,2
WR,Vince Mayle,26,2015,66,51,85,63,70,74,0.3,1
RB,Maxx Williams,23,2015,75,65,83,61,65,70,0.8,2
WR,Nick Boyle,24,2015,81,75,89,68,59,53,0.4,2
LB,Za'Darius Smith,25,2015,73,74,87,65,67,68,0.5,2
DL,Carl Davis,25,2015,73,77,78,77,75,67,0.5,2
RB,Alex Collins,23,2016,78,75,89,60,77,76,0.4,3
RB,Kenneth Dixon,23,2016,86,73,87,75,76,80,0.5,3
OL,Ronnie Stanley,23,2016,92,85,88,76,81,62,5,3
LB,Matt Judon,25,2016,73,63,83,65,73,68,0.4,3
DL,Bronson Kaufusi,26,2016,69,62,89,67,67,72,0.6,3
DL,Willie Henry,23,2016,74,68,84,75,75,76,0.5,3
LB,Kamalei Correa,23,2016,76,69,87,68,65,74,1.2,3
CB,Maurice Canady,23,2016,67,55,86,74,79,63,0.4,3
CB,Tavon Young,23,2016,82,76,89,79,81,50,0.5,3
WR,Chris Moore,24,2016,78,58,86,62,81,65,0.5,3
DL,Michael Pierce,25,2016,82,85,84,89,81,74,0.3,2
OL,Matt Skura,24,2016,74,68,87,75,61,60,0.3,2
LB,Patrick Onwuasor,25,2016,69,71,88,64,63,74,0.3,1
DL,Chris Wormley,24,2017,69,63,86,70,68,76,0.7,4
LB,Tim Williams,24,2017,71,64,84,61,63,71,0.6,4
LB,Tyus Bowser,22,2017,67,63,87,64,64,72,1.2,4
CB,Marlon Humphrey,21,2017,70,70,88,77,85,67,2.8,4
OL,Jermaine Eluemunor,23,2017,77,56,91,85,61,60,0.4,4
S,Chuck Clark,22,2017,66,55,89,70,77,66,0.4,4
CB,Jaylen Hill,23,2017,78,57,80,71,71,50,0.3,3
DL,Patrick Ricard,23,2017,75,63,82,81,75,72,0.3,3
END_PLAYERS
######################################################################  BENGALS0
Cincinnati Bengals,CIN
DL,Carlos Dunlap,28,2010,69,84,82,64,68,77,4.9,2
DL,Geno Atkins,29,2010,79,93,85,81,77,75,8.2,2
OL,Andre Smith,30,2009,79,67,86,91,62,60,2.9,1
DL,Michael Johnson,30,2009,67,76,83,60,63,79,3.7,2
K,Kevin Huber,32,2009,63,57,83,77,60,50,1.9,1
CB,Adam Jones,34,2005,61,79,87,79,76,50,4.8,2
OL,Clark Harris,33,2007,42,68,84,60,50,50,0.6,1
DL,Pat Sims,32,2008,65,76,84,79,75,69,0.7,1
QB,Andy Dalton,30,2011,80,82,94,85,70,50,11,4
WR,AJ Green,29,2011,78,98,93,91,83,82,9,3
OL,Clint Boling,28,2011,73,78,92,76,61,68,3.4,3
WR,Brandon LaFell,31,2010,67,84,89,77,75,72,2.7,2
WR,Tyler Eifert,27,2013,84,88,85,79,71,70,2.9,1
RB,Giovani Bernard,26,2013,84,81,82,70,83,79,2.9,3
LB,Kevin Minter,27,2013,84,86,86,71,68,75,3.8,1
S,Shawn Williams,26,2013,80,76,90,79,81,79,2.7,4
OL,Eric Winston,34,2006,66,75,88,68,62,60,0.6,1
LB,Vincent Rey,30,2010,69,81,89,81,70,72,2.1,2
CB,Dre Kirkpatrick,28,2012,69,81,85,77,77,50,7.1,5
K,Randy Bullock,28,2012,65,55,77,89,68,50,0.5,2
S,George Iloka,27,2012,86,82,88,79,73,57,4,4
LB,Vontaze Burfict,27,2012,88,90,95,81,75,74,3.3,1
OL,TJ Johnson,27,2013,66,64,84,75,60,61,1.1,2
QB,AJ McCarron,27,2014,70,76,92,75,65,50,0.4,1
DL,Chris Smith,25,2014,64,52,84,73,71,76,0.4,1
CB,Darqueze Dennard,26,2014,81,75,89,79,85,67,1.8,1
RB,Jeremy Hill,25,2014,84,82,89,76,77,79,0.7,1
OL,Russell Bodine,25,2014,86,82,89,95,60,59,0.6,1
RB,Ryan Hewitt,26,2014,77,71,88,57,62,59,1.4,3
WR,Tyler Kroft,25,2015,74,69,79,67,67,66,0.5,2
WR,CJ Uzomah,24,2015,76,64,86,62,73,67,0.4,2
OL,Cedric Ogbuehi,25,2015,76,76,77,68,60,60,2.1,2
OL,Jake Fisher,24,2015,84,77,83,70,60,60,0.8,2
CB,Josh Shaw,25,2015,77,65,80,75,81,63,0.5,2
OL,Trey Hopkins,25,2014,76,69,83,76,60,59,0.3,2
WR,Tyler Boyd,23,2016,78,76,85,75,77,59,0.8,3
OL,Christian Westerman,24,2016,67,58,87,77,63,60,0.4,3
OL,Alex Redmond,22,2016,71,54,78,75,60,58,0.3,2
LB,Nick Vigil,24,2016,67,63,89,76,63,69,0.6,3
CB,William Jackson III,25,2016,71,65,86,79,85,50,2.2,3
S,KeiVarae Russell,24,2016,66,59,86,76,79,63,0.5,3
DL,Andrew Billings,22,2016,65,57,83,83,75,70,0.5,3
WR,Cody Core,23,2016,81,64,85,65,81,65,0.4,3
S,Clayton Fejedelem,24,2016,77,64,91,74,76,66,0.4,3
WR,Alex Erickson,25,2016,64,50,86,65,77,66,0.3,2
RB,Joe Mixon,21,2017,81,68,91,75,83,79,1.1,4
WR,John Ross,22,2017,75,71,86,70,97,69,4.1,4
DL,Jordan Willis,22,2017,74,63,91,73,73,79,0.6,4
LB,Carl Lawson,22,2017,82,70,81,65,75,68,0.6,4
DL,Ryan Glasgow,24,2017,73,68,83,77,73,65,0.5,4
WR,Josh Malone,21,2017,80,64,86,70,85,59,0.5,4
K,Marshall Koehn,25,2016,67,50,68,50,77,50,0.3,2
LB,Hardy Nickerson,23,2017,66,53,88,75,65,66,0.3,3
LB,Jordan Evans,22,2017,78,59,88,62,63,74,0.4,4
RB,Cethan Carter,24,2017,59,46,82,59,70,62,0.3,3
END_PLAYERS
######################################################################  BROWNS
Cleveland Browns,CLE
K,Britton Colquitt,32,2009,70,62,82,77,67,50,1.7,4
OL,Joe Thomas,33,2007,64,98,97,87,76,91,6.9,2
LB,Jamie Collins,28,2013,71,79,90,76,67,77,8.2,4
CB,Jamar Taylor,27,2013,73,75,89,77,85,50,2.9,3
WR,Kenny Britt,29,2009,73,79,89,73,75,76,5.8,4
CB,Jason McCourty,30,2009,70,85,82,80,85,69,2.2,2
OL,JC Tretter,26,2013,76,78,86,79,61,60,4.2,3
OL,Kevin Zeitler,27,2012,74,84,92,83,62,67,8.6,5
LB,Tank Carder,28,2012,59,64,90,70,61,71,0.8,1
OL,Charley Hughlett,27,2014,77,65,82,60,59,52,0.6,6
OL,Marcus Martin,24,2014,76,77,84,68,60,59,1.1,1
OL,Joel Bitonio,26,2014,85,86,91,75,63,79,5.2,6
LB,Christian Kirksey,25,2014,78,84,85,85,67,77,5.3,5
RB,Isaiah Crowell,24,2014,78,78,87,77,79,79,1.6,1
DL,Jamie Meder,26,2014,75,76,90,76,68,68,0.3,1
RB,Duke Johnson,24,2015,77,80,83,67,81,79,0.6,2
WR,Sammie Coates,24,2015,67,64,88,62,83,74,0.5,2
WR,Randall Telfer,25,2015,66,66,79,61,63,67,0.4,2
OL,Austin Reiter,26,2015,62,56,85,62,65,59,0.3,1
DL,Nate Orchard,24,2015,84,69,88,61,59,70,0.9,2
DL,Danny Shelton,24,2015,83,84,85,91,87,69,2.8,2
S,Derron Smith,25,2015,77,65,82,67,70,69,0.4,2
LB,Josh Keyes,24,2015,65,52,87,50,50,72,0.3,1
DL,TY McGill,25,2015,79,68,87,73,71,70,0.3,1
WR,Kasen Williams,25,2015,65,62,77,65,73,63,0.3,1
QB,Kevin Hogan,25,2016,68,73,93,75,62,59,0.3,1
QB,Cody Kessler,24,2016,76,66,89,79,61,50,0.6,3
RB,Dan Vitale,24,2016,72,61,88,60,73,70,0.3,2
WR,Corey Coleman,23,2016,77,76,87,70,87,70,2.7,3
WR,Rashard Higgins,23,2016,71,63,89,68,73,65,0.4,3
OL,Spencer Drango,25,2016,74,75,90,70,65,61,0.4,3
OL,Shon Coleman,26,2016,65,66,83,75,73,60,0.6,3
DL,Emmanuel Ogbah,24,2016,79,65,88,62,67,79,1.4,3
DL,Carl Nassib,24,2016,73,66,86,60,60,72,0.7,3
LB,Joe Schobert,24,2016,82,72,90,59,60,71,0.5,3
CB,Briean Boddy-Calhoun,24,2016,81,83,85,79,81,50,0.3,2
WR,Ricardo Louis,23,2016,76,70,88,67,83,66,0.5,3
S,Derrick Kindred,24,2016,89,79,89,79,79,74,0.5,3
WR,Seth DeValve,24,2016,75,70,86,68,70,68,0.5,3
RB,Darius Jackson,24,2016,62,48,88,70,85,71,0.4,3
CB,Darius Hillary,24,2016,70,46,82,68,76,50,0.3,2
CB,Michael Jordan,25,2016,73,60,84,74,73,50,0.3,2
LB,James Burgess,23,2016,65,60,85,67,68,67,0.3,2
QB,DeShone Kizer,21,2017,79,64,94,91,60,68,1,4
RB,Matt Dayes,22,2017,66,54,84,59,71,65,0.4,4
WR,David Njoku,21,2017,73,65,86,68,73,71,2.2,4
OL,Zach Banner,24,2017,78,62,81,81,68,60,0.5,4
K,Zane Gonzalez,22,2017,75,51,79,93,63,50,0.4,4
DL,Myles Garrett,22,2017,78,70,84,93,77,79,7.6,4
DL,Caleb Brantley,23,2017,76,56,84,79,75,69,0.4,4
DL,Larry Ogunjobi,23,2017,77,70,87,77,71,74,0.7,4
S,Kai Nacua,22,2017,70,53,88,75,77,59,0.3,1
S,Jabrill Peppers,22,2017,73,68,89,77,81,76,2.4,4
CB,Howard Wilson,22,2017,64,57,86,72,76,55,0.5,4
DL,Trevon Coley,23,2016,72,65,84,73,71,77,0.3,2
END_PLAYERS
######################################################################  STEELERS
Pittsburgh Steelers,PIT
LB,Arthur Moats,29,2010,69,67,84,61,60,69,1.9,1
CB,Joe Haden,28,2010,71,80,93,84,79,50,6.5,3
OL,Marcus Gilbert,29,2011,82,90,86,83,61,75,4.6,3
DL,Cameron Heyward,28,2011,75,90,89,81,81,75,7.3,4
DL,Tyson Alualu,30,2010,75,81,86,75,75,72,2.2,2
WR,Darrius Heyward-Bey,30,2009,73,81,86,64,83,74,0.8,2
S,Mike Mitchell,30,2009,70,78,91,77,76,66,3.6,2
WR,Justin Hunter,26,2013,74,66,81,61,81,70,0.6,1
RB,Le'Veon Bell,25,2013,87,87,87,91,81,91,7.3,1
WR,Vance McDonald,27,2013,69,66,83,64,70,65,4,5
S,JJ Wilcox,26,2013,79,75,86,77,77,75,1.9,2
OL,Maurkice Pouncey,28,2010,86,92,85,83,63,60,6.8,3
WR,Antonio Brown,29,2010,84,98,92,97,85,80,12,5
QB,Ben Roethlisbergr,35,2004,72,85,95,91,73,63,16.4,3
LB,James Harrison,39,2002,60,83,90,73,87,68,1.2,2
CB,William Gay,32,2007,73,86,90,77,77,69,1.9,2
OL,Ramon Foster,31,2009,73,94,84,77,60,73,2.5,2
QB,Landry Jones,28,2013,74,58,89,83,62,50,1.5,2
OL,David DeCastro,27,2012,92,94,92,89,97,71,8.2,5
CB,Coty Sensabaugh,29,2012,70,70,87,77,81,50,0.9,2
S,Robert Golden,27,2012,76,70,87,76,76,62,1.2,2
LB,LJ Fort,27,2012,69,65,86,71,67,70,0.3,1
LB,Vince Williams,28,2013,70,79,84,75,67,71,1.5,2
DL,Stephon Tuitt,24,2014,83,86,80,83,79,72,0.9,1
DL,Daniel McCullers,25,2014,81,73,80,77,75,60,0.4,1
LB,Ryan Shazier,25,2014,81,85,84,75,75,84,3,2
WR,Martavis Bryant,26,2014,81,81,87,70,87,71,0.5,1
OL,Chris Hubbard,26,2013,71,68,84,62,62,59,1.1,1
WR,Jesse James,23,2015,75,79,85,71,70,57,0.4,2
LB,Anthony Chickillo,25,2015,70,66,89,61,64,68,0.4,1
LB,Bud Dupree,24,2015,83,68,86,68,64,76,2.1,2
DL,Leterrius Walton,25,2015,74,73,83,73,70,68,0.4,2
OL,BJ Finney,26,2015,72,70,88,71,62,70,0.3,1
RB,Terrell Watson,24,2015,72,67,86,67,76,79,0.3,1
WR,Eli Rogers,25,2015,79,78,85,77,77,71,0.3,1
WR,Xavier Grimble,25,2014,78,67,82,61,60,57,0.3,1
K,Chris Boswell,26,2014,66,68,80,85,83,54,0.4,1
K,Jordan Berry,26,2014,66,64,80,83,70,50,0.3,1
RB,Roosevelt Nix,25,2014,71,75,87,58,64,65,0.4,1
OL,Alejandro Villanueva,29,2014,88,87,87,75,68,62,4.6,4
OL,Matt Feiler,25,2014,68,52,85,89,65,59,0.3,1
OL,Jerald Hawkins,24,2016,65,58,89,67,67,61,0.5,3
DL,Javon Hargrave,24,2016,84,77,88,73,71,76,0.6,3
CB,Mike Hilton,23,2016,83,78,84,79,76,59,0.3,1
LB,Tyler Matakevich,25,2016,72,58,91,70,68,68,0.4,3
CB,Artie Burns,22,2016,88,81,84,79,83,50,2.2,3
S,Sean Davis,24,2016,80,73,89,79,81,60,0.8,3
OL,Kameron Canaday,25,2016,68,52,87,56,50,60,0.3,1
QB,Joshua Dobbs,22,2017,68,66,87,83,61,76,0.5,4
RB,James Conner,22,2017,79,67,87,76,73,71,0.6,4
WR,JuJu Smith-Schuste,21,2017,81,73,92,73,77,74,0.8,4
CB,Brian Allen,24,2017,61,51,86,72,83,50,0.4,4
LB,TJ Watt,23,2017,82,68,86,75,70,74,2.1,4
CB,Cameron Sutton,22,2017,79,62,87,74,77,50,0.6,4
LB,Keion Adams,22,2017,71,51,88,61,67,68,0.4,4
END_PLAYERS
######################################################################  BILLS
Buffalo Bills,BUF
OL,Eric Wood,31,2009,82,88,87,77,62,59,6.5,3
DL,Kyle Williams,34,2006,60,87,85,81,81,71,5.3,1
WR,Charles Clay,28,2011,77,83,92,76,70,72,5.7,3
QB,Tyrod Taylor,28,2011,81,84,89,83,67,70,11.2,2
RB,Mike Tolbert,32,2008,76,85,88,71,62,69,0.6,1
DL,Jerry Hughes,29,2010,72,83,91,61,65,79,6.2,3
OL,Richie Incognito,34,2005,72,92,92,89,76,75,3.8,2
CB,Shareece Wright,30,2011,66,71,87,77,81,50,0.5,1
RB,LeSean McCoy,29,2009,74,88,85,67,81,77,6.4,3
S,Colt Anderson,32,2009,61,71,87,72,73,59,0.6,1
CB,Leonard Johnson,27,2012,74,70,88,76,75,50,0.6,1
OL,Vladimir Ducasse,30,2010,72,78,87,85,61,61,0.7,3
RB,Travaris Cadet,28,2012,69,68,85,62,76,76,0.5,1
DL,Cedric Thornton,29,2011,63,72,82,77,76,70,3.3,3
RB,Patrick DiMarco,28,2011,69,81,90,60,60,65,1.6,4
WR,Brandon Tate,30,2009,61,66,84,60,77,77,0.6,1
WR,Deonte Thompson,28,2012,61,71,80,64,85,69,0.6,1
LB,Lorenzo Alexander,34,2005,48,85,87,70,73,76,2.1,2
S,Shamarko Thomas,26,2013,66,63,86,77,81,66,0.5,1
QB,Joe Webb,31,2010,61,68,83,79,54,76,0.6,1
LB,Ramon Humber,30,2009,67,74,82,68,60,70,0.6,1
K,Steven Hauschka,32,2008,59,55,81,93,75,50,2.4,3
WR,Andre Holmes,29,2011,70,76,82,68,76,69,1.4,3
S,Micah Hyde,27,2013,75,83,86,77,77,69,4.6,5
OL,Jordan Mills,27,2013,68,76,86,71,60,60,1.3,2
OL,Cordy Glenn,28,2012,90,89,86,87,60,61,9.1,4
DL,Jerel Worthy,27,2012,71,68,83,68,73,71,0.4,1
DL,Ryan Davis,28,2012,59,66,83,60,60,74,0.7,2
S,Jordan Poyer,26,2013,86,86,85,79,76,50,2.5,4
CB,EJ Gaines,25,2014,85,83,86,79,79,57,0.5,1
WR,Jordan Matthews,25,2014,88,86,91,68,81,72,1,1
WR,Logan Thomas,26,2014,68,58,89,60,71,70,0.5,1
LB,Preston Brown,25,2014,83,82,93,67,70,76,0.7,1
WR,Kelvin Benjamin,26,2014,82,88,86,79,75,74,2.5,2
OL,Seantrel Henderson,25,2014,77,75,75,70,63,56,0.5,1
K,Colton Schmidt,27,2014,70,58,82,79,61,50,1,2
OL,Ryan Groy,27,2014,78,73,83,75,63,61,1.5,2
WR,Nick O'Leary,25,2015,69,68,88,71,60,53,0.3,1
OL,John Miller,24,2015,90,82,84,75,60,68,0.5,2
WR,Khari Lee,25,2015,75,61,86,60,61,65,0.4,2
WR,Jeremy Butler,26,2014,62,57,86,64,75,65,0.4,1
DL,Eddie Yarbrough,24,2016,80,65,78,68,68,76,0.3,1
DL,Shaq Lawson,23,2016,70,70,83,73,75,79,2.4,3
DL,Adolphus Washington,25,2016,71,67,84,60,67,76,0.6,3
CB,Lafayette Pitts,25,2016,74,58,87,72,81,50,0.3,1
QB,Nathan Peterman,23,2017,79,67,90,83,61,53,0.4,4
WR,Zay Jones,22,2017,73,70,93,77,81,74,1.5,4
OL,Dion Dawkins,23,2017,82,68,89,81,64,60,0.8,4
OL,Conor McDermott,25,2017,69,59,86,71,61,60,0.4,4
CB,Tre'Davious White,22,2017,88,77,89,79,81,66,2.3,4
LB,Matt Milano,23,2017,78,58,91,70,68,67,0.4,4
S,Trae Elston,23,2016,67,50,83,69,79,68,0.3,2
OL,Reid Ferguson,23,2016,73,50,87,50,50,60,0.3,2
LB,Deon Lacey,27,2013,69,63,84,60,61,69,0.4,2
LB,Tanner Vallejo,23,2017,72,55,83,71,65,67,0.4,4
END_PLAYERS
######################################################################  DOLPHINS
Miami Dolphins,MIA
QB,Jay Cutler,34,2006,59,75,80,91,62,50,6,1
LB,Rey Maualuga,30,2009,64,73,92,73,73,67,0.6,1
OL,John Denney,39,2005,76,87,87,60,50,50,0.6,1
OL,Ted Larsen,30,2010,80,72,88,64,67,60,1.4,3
OL,Mike Pouncey,28,2011,86,81,80,77,61,60,6,4
OL,Sam Young,30,2010,80,72,84,70,68,60,0.6,1
S,Reshad Jones,29,2010,79,93,84,82,75,80,7.9,6
WR,Anthony Fasano,33,2006,49,79,88,62,61,59,2.4,1
DL,Cameron Wake,35,2009,56,91,88,73,71,79,5.1,2
WR,Julius Thomas,29,2011,71,77,83,71,73,74,3.7,2
S,Nate Allen,30,2010,69,76,82,77,75,66,3.2,1
DL,Ndamukong Suh,30,2010,76,85,95,97,95,80,14.5,4
QB,Matt Moore,33,2007,73,78,91,71,63,50,1.3,1
LB,Kiko Alonso,27,2013,76,81,85,76,63,74,5.4,4
OL,Jermon Bushrod,33,2007,72,81,91,76,60,59,2.2,1
S,TJ McDonald,26,2013,78,77,85,79,75,59,0.2,5
LB,Lawrence Timmons,31,2007,75,86,90,75,68,77,5.2,2
CB,Alterraun Verner,29,2010,62,67,86,77,75,69,0.5,1
DL,William Hayes,32,2008,73,85,88,73,79,79,4,1
WR,Kenny Stills,25,2013,84,85,88,75,85,72,5.8,4
QB,Ryan Tannehill,29,2012,75,81,94,83,67,66,13.5,4
DL,Andre Branch,28,2012,73,77,79,58,60,74,6,3
S,Michael Thomas,27,2012,78,75,87,77,75,60,1.1,1
RB,MarQueis Gray,28,2013,66,70,85,60,67,70,0.7,2
CB,Walt Aikens,26,2014,69,65,87,75,79,50,0.5,1
DL,Terrence Fede,26,2014,69,57,86,61,64,75,0.3,1
OL,Ja'Wuan James,25,2014,84,84,86,71,60,65,2.8,2
QB,David Fales,27,2014,63,55,90,70,64,50,0.4,1
WR,Jarvis Landry,25,2014,89,87,91,93,83,80,0.6,1
K,Cody Parkey,25,2014,67,55,86,89,67,50,0.4,1
RB,Senorise Perry,26,2014,65,51,84,57,85,70,0.4,2
RB,Damien Williams,25,2014,79,73,85,68,83,76,1.1,1
WR,DeVante Parker,24,2015,90,87,87,79,83,72,2.5,2
DL,Jordan Phillips,25,2015,68,70,74,79,75,69,0.9,2
LB,Stephone Anthony,25,2015,75,69,83,71,67,75,1.7,2
CB,Bobby McCain,24,2015,85,78,86,77,79,50,0.4,2
LB,Mike Hull,26,2015,73,69,88,70,73,71,0.4,1
OL,Jesse Davis,26,2015,69,59,88,71,61,59,0.3,2
RB,Kenyan Drake,23,2016,76,65,82,60,83,74,0.6,3
WR,Leonte Carroo,23,2016,69,61,87,70,79,65,0.6,3
OL,Laremy Tunsil,23,2016,74,77,91,77,67,60,3,3
OL,Jake Brendel,25,2016,66,50,90,65,61,60,0.3,1
CB,Xavien Howard,24,2016,79,65,90,77,83,53,1.3,3
S,Jordan Lucas,24,2016,64,48,85,71,83,62,0.4,3
WR,Jakeem Grant,25,2016,58,51,84,65,93,67,0.4,3
OL,Isaac Asiata,25,2017,74,57,92,85,65,61,0.4,4
DL,Charles Harris,22,2017,74,68,85,61,63,79,2.5,4
DL,Vincent Taylor,23,2017,69,63,87,71,67,66,0.4,4
DL,Davon Godchaux,23,2017,82,67,85,73,70,71,0.4,4
CB,Cordrea Tankersley,24,2017,74,62,92,71,85,63,0.6,4
OL,Zach Sterup,25,2016,64,54,85,75,65,60,0.3,1
K,Matt Haack,23,2017,65,54,80,93,62,50,0.3,3
CB,Torry McTyer,22,2017,67,52,84,71,85,50,0.3,3
LB,Chase Allen,24,2017,70,65,88,70,65,71,0.3,3
S,Maurice Smith,22,2017,77,56,84,68,73,55,0.3,3
END_PLAYERS
######################################################################  PATRIOTS
New England Patriots,NE
DL,Alan Branch,33,2007,48,73,81,83,77,67,3.1,2
RB,Dion Lewis,27,2011,83,83,80,67,83,79,1,1
OL,Marcus Cannon,29,2011,88,87,79,85,75,60,4.7,5
OL,Nate Solder,29,2011,89,88,87,81,61,60,8.5,1
DL,Lawrence Guy,27,2011,80,81,88,71,73,70,2.6,4
WR,Martellus Bennett,30,2008,75,84,87,75,64,67,5.4,3
DL,Ricky Jean-Francois,31,2009,65,73,79,71,73,70,0.5,1
RB,James Develin,29,2010,75,84,87,57,57,50,0.8,2
LB,David Harris,33,2007,67,76,92,76,71,68,1.9,2
RB,Brandon Bolden,27,2012,72,71,86,67,77,72,0.5,1
S,Devin McCourty,30,2010,79,92,91,88,81,68,7.5,3
WR,Rob Gronkowski,28,2010,73,94,85,93,70,72,6.5,3
S,Patrick Chung,30,2009,69,83,94,79,75,68,2.1,2
QB,Tom Brady,40,2000,69,99,98,91,97,50,15,3
K,Stephen Gostkowski,33,2006,63,60,81,89,68,50,3.5,2
WR,Matthew Slater,32,2008,70,81,86,60,76,67,1.3,1
QB,Brian Hoyer,32,2009,70,77,82,81,63,50,4.8,2
WR,Julian Edelman,31,2009,75,96,89,81,75,77,4.4,3
WR,Danny Amendola,32,2008,71,85,87,79,71,72,2.7,1
S,Duron Harmon,26,2013,81,79,87,79,77,55,3.3,4
WR,Chris Hogan,29,2011,79,90,85,87,77,71,2.4,2
RB,Mike Gillislee,27,2013,81,81,87,76,77,79,1.9,2
CB,Stephon Gilmore,27,2012,80,81,89,80,85,50,9.9,5
LB,Shea McClellin,28,2012,64,78,84,68,61,70,2.3,2
LB,Dont'a Hightower,27,2012,80,90,91,89,83,76,6.8,4
WR,Dwayne Allen,27,2012,85,82,85,71,61,60,5,3
S,Nate Ebner,29,2012,64,62,95,72,76,70,0.7,1
RB,Rex Burkhead,27,2013,77,79,90,75,71,77,2.5,1
CB,Johnson Bademosi,27,2012,77,64,89,79,81,60,1.9,1
K,Ryan Allen,27,2013,74,59,84,83,65,50,1.6,2
OL,LaAdrian Waddle,26,2013,81,72,83,76,60,60,0.8,1
LB,Kyle Van Noy,26,2014,78,74,84,70,62,74,1.1,1
OL,Cameron Fleming,25,2014,78,72,84,73,61,64,1.1,1
DL,Cassius Marsh,25,2014,81,72,89,50,57,71,0.5,1
RB,James White,25,2014,79,78,83,68,79,76,2.5,4
LB,Marquis Flowers,25,2014,64,63,84,58,60,74,0.4,1
LB,Trevor Reilly,29,2014,64,64,86,61,64,67,0.4,1
WR,Brandin Cooks,24,2014,91,87,88,81,93,76,2.5,2
CB,Malcolm Butler,27,2014,88,90,85,84,79,66,2.3,1
WR,Phillip Dorsett,24,2015,84,72,78,71,93,70,1.8,2
OL,Shaq Mason,24,2015,84,86,85,76,89,60,0.5,2
OL,Joe Cardona,25,2015,61,48,86,68,50,52,0.4,2
DL,Trey Flowers,24,2015,75,80,89,76,76,76,0.5,2
DL,Malcom Brown,23,2015,86,82,82,73,75,70,1.7,2
CB,Eric Rowe,25,2015,69,66,85,79,83,60,1,2
S,Jordan Richards,24,2015,76,59,90,74,75,69,0.7,2
S,Brandon King,24,2015,74,61,83,74,79,50,0.4,1
OL,David Andrews,25,2015,84,88,88,75,75,60,1.7,4
OL,Ted Karras,24,2016,69,54,90,75,67,60,0.4,3
CB,Jonathan Jones,24,2016,81,62,78,75,91,50,0.3,2
OL,Joe Thuney,25,2016,83,83,90,75,61,63,0.6,3
LB,Elandon Roberts,23,2016,86,73,86,75,75,71,0.4,3
DL,Deatrich Wise Jr.,23,2017,71,69,81,73,71,74,0.5,4
OL,Cole Croston,24,2017,69,53,85,68,64,59,0.3,3
WR,Jacob Hollister,24,2017,71,58,88,63,71,70,0.3,3
END_PLAYERS
######################################################################  JETS
New York Jets,NYJ
RB,Matt Forte,32,2008,69,79,89,79,76,77,3,2
CB,Buster Skrine,28,2011,71,77,85,77,83,53,4.5,2
OL,Ben Ijalana,28,2011,70,64,85,75,62,60,3.7,2
OL,James Carpenter,28,2011,75,78,87,81,60,64,3.4,2
WR,Jeremy Kerley,29,2011,73,78,86,75,75,72,0.5,1
DL,Muhammad Wilkerson,28,2011,70,82,92,89,91,79,12.1,4
LB,Bruce Carter,29,2011,69,72,77,70,67,76,0.5,1
RB,Bilal Powell,29,2011,78,88,85,76,77,77,2.8,2
QB,Josh McCown,38,2002,46,84,83,73,64,50,5.4,1
OL,Brian Winters,26,2013,84,84,87,71,60,60,4.3,4
DL,Steve McLendon,31,2009,67,77,84,75,79,72,2.5,2
CB,Morris Claiborne,27,2012,72,74,82,77,81,50,4.2,1
LB,Demario Davis,28,2012,68,80,85,75,76,77,1.4,1
OL,Kelvin Beachum,28,2012,84,82,86,71,61,63,5.7,3
LB,Julian Stanford,27,2012,74,66,80,64,65,77,0.4,1
WR,Jermaine Kearse,27,2012,78,86,92,75,81,71,3.8,2
DL,David Bass,27,2013,78,67,86,60,59,71,0.5,1
LB,Josh Martin,26,2013,70,62,84,61,64,67,1.3,2
S,Rontez Miles,29,2013,60,67,89,75,73,69,0.3,1
DL,Ed Stinson,27,2014,67,63,80,77,71,63,0.4,1
OL,Wesley Johnson,26,2014,75,77,90,70,60,58,1.6,1
WR,Austin S-Jenkins,25,2014,72,71,81,70,76,65,1.1,1
S,Terrence Brooks,25,2014,73,69,83,77,83,50,0.4,1
OL,Dakota Dozier,26,2014,67,71,87,70,65,60,0.4,1
DL,Kony Ealy,26,2014,84,78,85,67,65,79,0.5,1
K,Chandler Catanzaro,26,2014,63,57,82,91,68,50,0.5,1
CB,Robert Nelson,27,2014,73,62,86,75,81,50,0.3,1
DL,Mike Pennel,26,2014,70,67,83,76,70,66,0.6,1
OL,Jonotthan Harrison,26,2014,76,74,86,76,60,59,0.5,1
OL,Brent Qvale,26,2014,71,67,87,61,63,60,0.3,1
QB,Bryce Petty,26,2015,65,61,83,83,60,50,0.5,2
WR,Neal Sterling,25,2015,66,55,85,60,73,71,0.4,1
DL,Obum Gwacham,26,2015,66,58,81,60,60,74,0.4,2
DL,Leonard Williams,23,2015,89,84,82,76,77,76,4.6,2
DL,Xavier Cooper,26,2015,69,67,87,70,65,71,0.5,2
LB,Lorenzo Mauldin,25,2015,67,69,84,64,64,69,0.6,2
CB,Darryl Roberts,27,2015,75,65,79,77,85,50,0.4,2
WR,Eric Tomlinson,25,2015,73,64,85,62,65,50,0.3,1
QB,Christian Hackenberg,22,2016,72,66,87,91,57,50,0.9,3
OL,Brandon Shell,25,2016,79,70,90,68,60,60,0.4,3
LB,Darron Lee,23,2016,73,74,89,65,63,77,2.4,3
LB,Jordan Jenkins,23,2016,77,72,81,68,73,70,0.6,3
CB,Juston Burris,24,2016,70,63,90,75,77,55,0.5,3
CB,Rashard Robinson,22,2016,74,76,90,77,87,50,0.5,3
K,Lachlan Edwards,25,2016,60,54,80,83,60,50,0.4,3
RB,Lawrence Thomas,24,2016,70,65,85,50,60,50,0.3,2
WR,Robby Anderson,24,2016,85,76,82,70,89,66,0.3,2
LB,Freddie Bishop,27,2013,69,54,89,62,68,66,0.3,1
WR,ArDarius Stewart,24,2017,72,67,86,70,79,74,0.6,4
S,Marcus Maye,24,2017,76,68,86,75,81,74,1.4,4
S,Jamal Adams,22,2017,82,74,90,74,79,50,5.5,4
WR,Chad Hansen,22,2017,67,61,86,59,83,53,0.5,4
RB,Elijah McGuire,23,2017,74,57,87,76,79,80,0.4,4
CB,Derrick Jones,23,2017,71,50,85,71,81,50,0.4,4
OL,Thomas Hennessy,23,2017,66,57,83,50,50,56,0.3,3
END_PLAYERS
######################################################################  TEXANS
Houston Texans,HOU
CB,Johnathan Joseph,33,2006,74,87,84,82,79,50,4,1
OL,Jon Weeks,31,2010,67,74,85,56,50,50,0.6,3
OL,Chris Clark,32,2008,76,77,80,75,63,60,2.1,1
QB,Josh Johnson,31,2008,67,62,86,76,59,53,0.5,1
OL,Derek Newton,30,2011,77,84,84,76,71,59,2.9,3
RB,Jordan Todman,27,2011,69,60,82,63,79,76,0.5,1
DL,JJ Watt,28,2011,72,92,89,95,95,77,11.2,5
S,Marcus Gilchrist,29,2011,75,79,89,80,77,76,2.3,1
S,Eddie Pleasant,29,2012,71,75,91,74,76,69,0.6,1
LB,Lamarr Houston,30,2010,69,82,82,68,73,68,0.5,1
K,Shane Lechler,41,2000,47,69,81,77,75,56,1.5,1
WR,DeAndre Hopkins,25,2013,91,93,93,87,85,74,2.4,5
CB,Kareem Jackson,29,2010,65,79,83,76,79,53,6.4,2
LB,Brian Cushing,30,2009,75,85,91,68,71,74,6.1,3
LB,Jelani Jenkins,25,2013,82,75,87,64,63,76,0.5,1
OL,Breno Giacomini,32,2008,75,72,87,71,76,57,2.1,1
LB,Whitney Mercilus,27,2012,86,84,87,76,70,74,4.7,3
OL,Jeff Allen,27,2012,72,74,81,76,60,59,4.5,3
RB,Lamar Miller,26,2012,89,87,85,77,85,84,4,3
WR,Ryan Griffin,27,2013,76,72,86,68,60,63,1.8,3
LB,Jadeveon Clowney,24,2014,82,79,80,71,70,77,6.5,2
WR,CJ Fiedorowicz,26,2014,85,80,91,73,67,55,0.7,1
OL,Xavier Su'a-Filo,26,2014,79,73,88,73,61,59,1.2,1
S,Andre Hal,25,2014,78,82,86,79,85,50,0.5,1
QB,Tom Savage,27,2014,66,66,87,87,60,50,0.4,1
RB,Alfred Blue,26,2014,76,76,80,70,76,71,0.4,1
RB,Jay Prosch,25,2014,79,75,92,59,67,55,0.4,1
WR,Bruce Ellington,26,2014,78,76,89,71,83,76,0.4,1
DL,Brandon Dunn,25,2014,80,72,85,63,65,65,0.4,2
CB,Marcus Williams,26,2014,67,68,88,74,76,50,1.6,1
DL,Christian Covington,24,2015,77,73,77,63,63,70,0.4,2
LB,Benardrick McKinney,25,2015,81,81,88,76,65,77,1.1,2
CB,Kevin Johnson,25,2015,76,78,86,80,77,55,2.3,2
S,Kurtis Drummond,25,2015,74,66,86,75,73,50,0.3,1
OL,Greg Mancz,25,2015,72,68,88,76,60,62,0.3,1
OL,Kendall Lamm,25,2015,74,69,88,62,70,59,0.3,1
S,Corey Moore,24,2015,87,79,88,75,76,53,0.3,1
LB,Brian Peters,29,2015,61,63,87,60,59,70,0.3,1
WR,Will Fuller,23,2016,78,80,85,64,91,71,2.4,3
WR,Braxton Miller,25,2016,68,63,85,68,83,76,0.6,3
OL,Nick Martin,24,2016,76,78,86,73,62,61,1,3
K,Ka'lmi Fairbairn,23,2016,61,48,80,77,76,50,0.3,2
DL,DJ Reader,23,2016,83,81,86,76,71,69,0.4,3
DL,Joel Heath,24,2016,80,71,85,68,67,70,0.3,2
LB,Brennan Scarlett,24,2016,69,65,79,59,62,69,0.3,2
WR,Stephen Anderson,24,2016,71,55,85,60,71,62,0.3,2
LB,Ufomba Kamalu,25,2016,68,57,87,65,68,62,0.3,1
QB,Deshaun Watson,22,2017,82,79,91,77,64,70,3.3,4
RB,D'onta Foreman,21,2017,85,78,87,73,81,79,0.6,4
OL,Julie'n Davenport,22,2017,79,63,86,73,63,62,0.5,4
OL,Kyle Fuller,23,2017,64,55,88,67,61,60,0.4,4
DL,Carlos Watkins,24,2017,76,56,87,75,70,74,0.5,4
LB,Zach Cunningham,23,2017,82,75,90,71,68,76,0.9,4
LB,Dylan Cole,23,2017,64,58,87,67,71,72,0.3,3
CB,Treston Decoud,24,2017,72,56,84,70,76,60,0.4,4
END_PLAYERS
######################################################################  COLTS
Indianapolis Colts,IND
DL,Al Woods,30,2010,70,75,82,87,81,68,1.2,2
OL,Anthony Castonzo,29,2011,81,89,85,79,91,60,6.9,3
LB,Jabaal Sheard,28,2011,79,87,90,77,71,74,5.1,3
K,Adam Vinatieri,45,1996,55,72,84,77,89,59,1.8,1
OL,Mike Person,29,2011,67,69,81,64,62,63,0.5,1
RB,Frank Gore,34,2005,71,94,90,73,68,75,2.4,1
S,Darius Butler,31,2009,65,79,90,77,79,50,2.7,1
LB,Barkevious Mingo,27,2013,79,72,87,70,63,77,1.5,1
DL,Johnathan Hankins,25,2013,80,86,83,87,83,70,5.4,3
LB,Jon Bostic,26,2013,76,72,86,68,63,70,0.4,1
DL,Margus Hunt,30,2013,62,70,84,73,67,74,1.2,2
QB,Scott Tolzien,30,2011,68,65,90,70,62,50,1.2,1
WR,Kamar Aiken,28,2011,66,78,82,75,79,72,2.2,1
LB,John Simon,27,2013,84,78,88,70,71,72,2.7,3
QB,Andrew Luck,28,2012,87,85,90,91,76,67,18.6,5
WR,TY Hilton,28,2012,78,95,88,85,89,75,8.8,4
RB,Robert Turbin,28,2012,66,72,87,73,81,76,0.8,2
CB,Rashaan Melvin,28,2013,71,84,83,82,81,50,0.4,1
WR,Jack Doyle,27,2013,76,83,84,77,62,53,3.8,3
WR,Brandon Williams,30,2013,67,66,80,60,75,62,0.5,1
CB,Pierre Desir,27,2014,74,62,86,76,77,50,0.5,1
WR,Donte Moncrief,24,2014,77,78,87,77,85,72,0.7,1
LB,Jeremiah George,25,2014,72,66,87,71,68,71,0.4,2
OL,Jack Mewhort,26,2014,82,81,88,79,60,64,0.7,1
RB,Matt Jones,24,2015,76,73,80,64,79,76,0.5,2
OL,Denzelle Good,26,2015,74,77,79,76,65,68,0.4,2
DL,Henry Anderson,26,2015,80,83,81,70,73,72,0.5,2
S,Clayton Geathers,25,2015,83,80,87,77,76,75,0.5,2
OL,Tyreek Burwell,25,2015,61,53,83,68,63,58,0.4,1
WR,Erik Swoope,25,2014,68,59,80,60,65,71,0.3,1
OL,Jeremy Vujnovich,27,2014,72,54,82,81,60,60,0.3,1
QB,Jacoby Brissett,24,2016,74,72,90,89,63,69,0.6,3
OL,Le'Raven Clark,24,2016,72,59,89,67,67,59,0.6,3
OL,Joe Haeg,24,2016,74,73,91,70,62,60,0.4,3
OL,Ryan Kelly,24,2016,86,84,89,75,63,64,2.4,3
DL,Hassan Ridgeway,23,2016,71,56,78,76,75,75,0.5,3
LB,Joshua Perry,23,2016,75,58,90,73,70,67,0.5,3
LB,Antonio Morrison,23,2016,75,67,83,68,68,69,0.5,3
CB,DJ White,24,2016,66,54,89,74,79,50,0.4,3
S,TJ Green,22,2016,71,63,86,76,87,70,0.8,3
WR,Chester Rogers,23,2016,81,70,85,70,79,70,0.3,2
CB,Chris Milton,25,2016,72,55,89,71,85,59,0.3,1
S,Matthias Farley,25,2016,73,74,88,76,79,68,0.3,2
RB,Marlon Mack,21,2017,71,69,87,60,79,72,0.5,4
S,Malik Hooker,21,2017,76,74,85,77,77,67,3,4
OL,Kyle Kalis,24,2017,69,56,84,77,60,60,0.3,3
LB,Tarell Basham,23,2017,81,64,89,63,64,68,0.6,4
LB,Anthony Walker Jr.,22,2017,74,58,93,70,68,66,0.4,4
CB,Quincy Wilson,21,2017,74,62,88,71,77,50,1.2,4
OL,Luke Rhodes,25,2016,71,54,88,70,50,50,0.3,1
RB,Darrell Daniels,23,2017,73,57,86,59,75,70,0.3,3
DL,Grover Stewart,24,2017,69,55,89,81,73,67,0.5,4
CB,Nate Hairston,23,2017,74,63,86,76,77,53,0.4,4
K,Rigoberto Sanchez,23,2017,63,55,88,85,70,50,0.3,3
CB,Kenny Moore,22,2017,69,56,85,75,76,50,0.3,3
END_PLAYERS
######################################################################  JAGUARS
Jacksonville Jaguars,JAX
LB,Paul Posluszny,33,2007,52,88,92,75,70,75,3.5,1
WR,Arrelious Benn,29,2010,71,71,80,60,71,70,0.6,2
DL,Calais Campbell,31,2008,73,91,91,76,83,79,9.9,4
DL,Marcell Dareus,27,2011,84,82,89,89,89,77,9.6,5
S,Barry Church,29,2010,70,74,94,72,73,76,3.9,4
OL,Jermey Parnell,31,2009,75,81,82,71,60,61,3.8,3
QB,Chad Henne,32,2008,72,76,89,77,60,50,2.4,1
WR,Marcedes Lewis,33,2006,72,82,86,63,60,50,2.4,2
RB,Chris Ivory,29,2010,73,85,79,75,79,79,4.4,4
DL,Malik Jackson,27,2012,74,79,87,70,76,74,9.5,5
K,Brad Nortman,28,2012,67,62,84,81,68,50,1.3,3
OL,Matt Overton,32,2010,56,60,83,50,50,57,0.5,1
S,Tashaun Gipson,27,2012,85,83,90,79,71,60,4.8,4
S,Peyton Thompson,27,2012,75,62,83,74,77,50,0.4,1
RB,Tommy Bohanon,27,2013,72,70,85,58,61,57,0.4,1
CB,AJ Bouye,26,2013,86,87,82,82,79,50,9.3,5
DL,Abry Jones,26,2013,86,81,84,77,73,66,2.3,4
LB,Lerentee McCray,27,2013,75,67,80,60,60,70,1.2,1
OL,Patrick Omameh,28,2013,75,79,87,68,60,68,0.6,1
WR,Marqise Lee,26,2014,78,83,87,75,79,74,1.1,1
WR,Allen Robinson,24,2014,94,90,87,79,81,74,0.7,1
OL,Brandon Linder,25,2014,76,89,88,79,67,60,5.3,6
LB,Telvin Smith,26,2014,85,89,85,76,62,77,0.6,1
QB,Blake Bortles,25,2014,83,77,95,87,63,67,6.8,2
S,Calvin Pryor,25,2014,76,74,91,76,76,67,0.9,1
CB,Aaron Colvin,26,2014,83,79,79,77,79,53,0.6,1
CB,Tyler Patmon,26,2014,71,65,83,75,77,50,0.4,1
OL,Josh Wells,26,2014,62,63,84,70,65,60,0.5,2
WR,Allen Hurns,26,2014,86,86,89,75,77,74,4.9,4
OL,Tyler Shatley,26,2014,64,64,84,91,63,60,0.6,2
RB,TJ Yeldon,24,2015,85,78,83,76,77,77,1.3,2
WR,Jaelen Strong,23,2015,69,58,83,75,83,68,0.6,2
WR,Ben Koyack,24,2015,84,69,86,63,64,55,0.3,1
WR,James O'Shaughnessy,25,2015,63,54,81,64,70,69,0.4,2
OL,AJ Cann,26,2015,77,80,87,79,60,60,0.6,2
DL,Dante Fowler Jr.,23,2015,74,76,79,60,64,79,5.8,2
OL,Chris Reed,25,2015,68,61,82,73,62,61,0.3,1
K,Josh Lambo,27,2015,62,58,81,87,71,50,0.4,1
RB,Corey Grant,26,2015,78,68,77,60,93,70,0.3,1
OL,Josh Walker,26,2014,68,53,87,61,65,60,0.4,1
OL,William Poehls,26,2014,76,65,86,65,63,60,0.3,1
DL,Sheldon Day,23,2016,68,66,87,65,70,77,0.5,3
LB,Myles Jack,22,2016,88,81,83,71,67,79,1.4,3
DL,Yannick Ngakoue,22,2016,84,80,87,65,68,77,0.6,3
CB,Jalen Ramsey,23,2016,88,85,87,84,87,68,5.8,3
S,Jarrod Wilson,23,2016,75,55,88,70,76,53,0.3,2
RB,Leonard Fournette,22,2017,86,82,85,87,83,82,6.7,4
OL,Cam Robinson,22,2017,76,73,93,83,63,61,1.5,4
WR,Dede Westbrook,24,2017,69,59,84,75,87,72,0.6,4
DL,Dawuane Smoot,22,2017,75,64,90,68,64,76,0.7,4
LB,Blair Brown,23,2017,68,59,90,75,75,70,0.4,4
CB,Jalen Myrick,22,2017,74,51,83,74,93,59,0.4,4
LB,Donald Payne,23,2017,70,54,89,67,61,72,0.3,3
DL,Eli Ankou,23,2017,75,68,84,68,70,72,0.3,3
WR,Keelan Cole,24,2017,70,63,87,67,76,76,0.3,3
END_PLAYERS
######################################################################  TITANS
Tennessee Titans,TEN
OL,Beau Brinkley,27,2012,56,45,84,56,50,50,0.8,3
WR,Eric Decker,30,2010,69,85,90,83,75,72,3.9,1
LB,Wesley Woodyard,31,2008,74,88,92,77,64,79,2.2,3
RB,Demarco Murray,29,2011,77,89,86,75,79,80,3.8,3
QB,Matt Cassel,35,2005,61,74,87,71,60,50,1.6,2
K,Ryan Succop,31,2009,65,70,85,81,87,57,1.7,1
DL,Jurrell Casey,28,2011,74,88,88,85,85,75,8.8,6
S,Da'Norris Searcy,29,2011,66,74,88,76,76,68,4.2,2
WR,Harry Douglas,33,2008,62,75,86,70,77,71,1.9,1
WR,Eric Weems,32,2007,74,80,83,64,73,71,0.8,2
WR,Delanie Walker,33,2006,64,94,85,83,73,72,3.2,2
LB,Erik Walden,32,2008,72,76,87,65,64,69,1.8,1
DL,Karl Klug,29,2011,73,79,84,67,67,71,1.5,2
DL,Sylvester Williams,29,2013,66,73,84,75,70,69,4.1,3
S,Johnathan Cyprien,27,2013,84,84,90,79,79,74,4.2,4
LB,Brian Orakpo,31,2009,77,83,86,73,79,74,5.4,2
CB,Logan Ryan,26,2013,85,83,92,77,77,71,6.4,3
CB,Brice McCain,31,2009,63,70,85,77,81,50,1.9,1
OL,Brian Schwenke,26,2013,77,74,90,83,61,70,1,1
LB,Derrick Morgan,28,2010,72,77,88,62,67,68,4.9,2
K,Brett Kern,31,2008,70,64,70,81,70,50,2.1,3
QB,Brandon Weeden,34,2012,58,64,90,81,60,50,0.5,1
OL,Ben Jones,28,2012,79,87,92,77,64,60,2.7,3
OL,Dennis Kelly,27,2012,71,67,88,75,64,60,0.9,3
WR,Rishard Matthews,28,2012,78,89,89,79,79,72,3.6,2
WR,Phillip Supernaw,27,2012,69,70,85,62,67,68,1.1,2
LB,Nate Palmer,28,2013,66,64,86,65,67,69,0.8,2
DL,David King,28,2013,65,60,86,70,67,72,0.4,1
LB,Daren Bates,27,2013,69,58,89,64,59,68,1.3,3
S,Brynden Trawick,28,2013,58,62,88,74,73,70,1.4,2
OL,Josh Kline,28,2013,84,87,84,70,70,73,1.2,1
OL,Taylor Lewan,26,2014,85,91,89,83,75,70,3.5,2
LB,Avery Williamson,25,2014,72,77,88,76,71,71,0.6,1
DL,DaQuan Jones,26,2014,85,87,83,77,79,72,0.6,1
QB,Marcus Mariota,24,2015,77,78,94,79,64,69,6,2
RB,Jalston Fowler,27,2015,77,74,75,61,62,63,0.5,2
CB,Tye Smith,24,2015,78,62,87,74,76,50,0.4,2
S,Curtis Riley,25,2015,66,63,87,75,79,50,0.3,1
OL,Quinton Spain,26,2015,84,83,89,71,63,68,0.3,1
WR,Darius Jennings,25,2015,63,55,85,61,81,66,0.4,2
RB,Derrick Henry,23,2016,89,86,90,79,77,79,1.1,3
WR,Tajae Sharpe,23,2016,76,77,87,75,76,69,0.4,3
OL,Jack Conklin,23,2016,83,86,92,76,64,60,3.8,3
LB,Kevin Dodd,25,2016,79,71,85,70,70,70,1.4,3
DL,Austin Johnson,23,2016,78,68,88,67,71,71,1.2,3
S,Kevin Byard,24,2016,81,78,89,79,79,72,0.7,3
CB,LeShaun Sims,24,2016,81,77,86,77,77,50,0.4,3
CB,Kalan Reed,24,2016,65,52,88,72,79,50,0.3,1
RB,David Fluellen,25,2014,73,59,86,63,68,75,0.4,2
WR,Corey Davis,22,2017,83,72,88,70,81,76,6.3,4
WR,Taywan Taylor,22,2017,74,65,92,68,85,72,0.7,4
WR,Jonnu Smith,22,2017,69,67,87,67,73,67,0.6,4
CB,Adoree' Jackson,22,2017,80,66,87,77,85,59,2.6,4
OL,Corey Levin,23,2017,70,58,86,73,64,60,0.4,4
LB,Jayon Brown,22,2017,72,63,87,68,65,70,0.4,4
END_PLAYERS
######################################################################  BRONCOS
Denver Broncos,DEN
DL,Domata Peko,33,2006,60,86,85,81,70,59,2.5,2
WR,Demaryius Thomas,30,2010,73,90,90,70,83,77,9.7,3
CB,Aqib Talib,31,2008,79,93,88,88,77,50,6.3,3
WR,Virgil Green,29,2011,71,75,81,63,75,71,2,1
RB,Jamaal Charles,31,2008,74,84,82,71,81,79,1.5,1
LB,Von Miller,28,2011,79,92,92,89,83,79,13.5,5
CB,Chris Harris Jr.,28,2011,77,93,91,90,83,50,6.3,3
S,Darian Stewart,29,2010,72,82,89,79,73,63,4.6,4
OL,Menelik Watson,29,2013,79,76,83,71,60,58,4.4,3
WR,Emmanuel Sanders,30,2010,78,94,86,95,85,71,8.3,3
OL,Allen Barbre,33,2007,60,76,85,71,63,60,1,1
DL,Derek Wolfe,27,2012,75,83,89,79,81,75,6.6,3
QB,Brock Osweiler,27,2012,80,69,92,93,60,50,0.5,1
OL,Donald Stephenson,29,2012,80,73,86,71,61,56,3.4,2
DL,Jared Crick,28,2012,66,79,81,67,70,70,1.5,1
LB,Brandon Marshall,28,2012,71,83,88,79,73,76,5.3,4
DL,Billy Winn,28,2012,67,65,84,68,71,74,0.5,1
OL,Ronald Leary,28,2012,80,86,82,76,64,79,5.9,4
RB,CJ Anderson,26,2013,82,88,86,87,79,84,2.7,3
OL,Matthew Paradis,28,2014,85,88,85,81,67,75,0.4,1
OL,Cyrus Kouandjio,24,2014,79,74,77,75,63,63,0.4,1
DL,Shelby Harris,26,2014,68,71,83,71,73,74,0.4,1
CB,Bradley Roby,25,2014,83,76,84,80,87,50,1.5,1
OL,Billy Turner,26,2014,78,73,85,73,58,62,0.5,1
WR,Cody Latimer,25,2014,68,48,85,63,81,69,0.7,1
DL,Zach Kerr,27,2014,67,63,77,76,73,68,1.1,2
LB,Kasim Edebali,28,2014,60,60,85,59,60,66,0.8,1
K,Brandon McManus,26,2014,74,60,85,95,81,50,1.6,1
LB,Todd Davis,25,2014,87,85,90,77,73,74,1.6,1
QB,Trevor Siemian,26,2015,73,83,85,77,67,50,0.4,2
WR,Jeff Heuerman,25,2015,72,67,85,64,64,59,0.5,2
WR,AJ Derby,26,2015,64,62,84,68,68,67,0.4,2
OL,Max Garcia,26,2015,76,79,86,79,62,59,0.4,2
LB,Shane Ray,24,2015,85,76,84,61,62,74,2.1,2
CB,Lorenzo Doss,23,2015,66,60,87,71,79,50,0.4,2
LB,Zaire Anderson,25,2015,67,52,85,67,64,66,0.3,1
WR,Jordan Taylor,25,2015,79,69,87,68,77,62,0.3,1
LB,Shaquil Barrett,25,2014,88,87,87,64,62,71,0.4,1
WR,Bennie Fowler,26,2014,71,73,79,67,83,70,0.4,1
OL,Casey Kreiter,27,2014,61,60,87,54,50,59,0.3,1
QB,Paxton Lynch,23,2016,78,64,92,87,60,66,2.2,3
RB,Devontae Booker,25,2016,82,77,90,65,76,79,0.5,3
OL,Connor McGovern,24,2016,65,58,90,76,64,58,0.4,3
DL,Adam Gotsis,25,2016,75,77,84,68,70,69,0.8,3
S,Justin Simmons,24,2016,74,72,86,79,77,71,0.6,3
RB,Andy Janovich,24,2016,77,72,85,60,64,63,0.4,3
S,William Parks,23,2016,76,71,87,72,73,70,0.4,3
K,Riley Dixon,24,2016,78,59,86,77,64,50,0.4,3
CB,Brendan Langley,23,2017,77,59,88,74,83,55,0.6,4
OL,Garett Bolles,25,2017,78,73,89,81,77,62,2.6,4
LB,Demarcus Walker,23,2017,70,62,91,62,64,63,1,4
RB,De'Angelo Henderson,25,2017,62,56,85,67,81,74,0.4,4
WR,Isaiah McKenzie,22,2017,74,61,82,65,85,67,0.4,4
S,Jamal Carter,23,2017,72,50,89,69,73,68,0.3,3
OL,Elijah Wilkinson,22,2017,70,63,83,65,60,60,0.3,1
END_PLAYERS
######################################################################  CHIEFS
Kansas City Chiefs,KC
DL,Roy Miller,30,2009,64,74,85,76,76,68,0.8,1
RB,Anthony Sherman,29,2011,73,79,90,54,64,55,1.3,1
S,Eric Berry,29,2010,77,93,90,88,83,76,10.2,6
LB,Derrick Johnson,35,2005,66,93,87,79,70,76,5.5,2
K,Dustin Colquitt,35,2005,42,70,89,79,76,57,2.7,1
LB,Tamba Hali,34,2006,59,86,89,67,76,70,5.1,2
DL,Allen Bailey,28,2011,62,74,89,81,75,74,4.9,2
DL,Jarvis Jenkins,29,2011,64,77,77,83,75,65,0.5,1
LB,Justin Houston,28,2011,75,91,87,85,81,77,12.5,4
QB,Alex Smith,33,2005,74,90,91,76,75,50,10.4,2
S,Ron Parker,30,2011,75,82,83,79,81,63,3.6,3
LB,Frank Zombo,30,2010,72,73,87,63,60,67,0.8,2
OL,Eric Fisher,26,2013,85,84,91,77,61,73,8.7,5
WR,Travis Kelce,28,2013,73,95,84,83,73,76,6.8,5
DL,Bennie Logan,28,2013,70,78,84,79,81,70,5.4,1
OL,Mitchell Schwartz,28,2012,80,85,87,75,75,60,4.8,4
QB,Tyler Bray,26,2013,63,52,83,87,57,50,0.6,1
CB,Terrance Mitchell,25,2014,73,74,89,79,79,50,0.4,1
CB,Phillip Gaines,26,2014,75,66,84,79,87,50,0.5,1
CB,Kenneth Acker,25,2014,73,64,82,76,79,50,0.4,1
OL,Zach Fulton,26,2014,79,78,86,73,67,60,0.5,1
LB,Dee Ford,26,2014,76,74,86,61,65,76,2.7,2
WR,De'Anthony Thomas,24,2014,78,70,76,63,85,76,0.5,1
LB,Kevin Pierre-Louis,26,2014,72,69,82,68,70,77,0.4,1
OL,Laurent Duvernay-Tard,26,2014,81,80,89,85,60,70,5.5,6
WR,Demetrius Harris,26,2013,72,75,83,63,76,70,1,2
WR,Albert Wilson,25,2014,79,79,85,71,83,70,1.1,1
S,Daniel Sorensen,27,2014,75,77,90,75,71,66,3,4
OL,Jordan Devey,29,2014,72,65,87,68,67,56,0.4,1
S,Steven Terrell,27,2013,74,66,85,77,85,50,0.4,1
RB,Charcandric West,26,2014,75,73,82,68,83,76,0.9,2
WR,Chris Conley,25,2015,78,73,85,70,87,70,0.6,2
OL,Mitch Morse,25,2015,78,87,85,85,68,60,0.9,2
OL,Cameron Erving,25,2015,74,70,86,71,60,60,2.2,2
DL,Rakeem Nunez-Roches,24,2015,71,65,80,65,71,68,0.3,1
LB,Ramik Wilson,25,2015,83,81,88,73,68,77,0.3,1
CB,Marcus Peters,24,2015,80,90,87,84,81,50,2.2,2
CB,Steven Nelson,24,2015,73,74,91,79,81,55,0.5,2
RB,Akeem Hunt,24,2015,70,68,85,59,85,68,0.3,1
OL,James Winchester,28,2013,61,50,75,52,50,50,0.5,5
OL,Bryan Witzmann,27,2014,68,72,85,65,63,60,0.3,1
WR,Demarcus Robinson,23,2016,78,57,86,60,77,67,0.5,3
OL,Parker Ehinger,25,2016,78,66,83,65,65,60,0.5,3
DL,Chris Jones,23,2016,84,86,86,77,77,77,1.3,3
LB,Reggie Ragland,24,2016,74,68,89,68,68,72,1.2,3
LB,Terrance Smith,24,2016,73,56,81,63,64,68,0.3,1
S,Eric Murray,23,2016,81,65,89,75,79,66,0.5,3
WR,Tyreek Hill,23,2016,79,87,83,77,95,72,0.4,3
WR,Ross Travis,24,2015,64,57,87,61,71,66,0.3,2
QB,Patrick Mahomes,22,2017,68,61,92,95,63,70,4,4
RB,Kareem Hunt,22,2017,83,86,86,83,81,77,0.6,4
WR,Jehu Chesson,24,2017,69,61,87,71,81,69,0.5,4
LB,Tanoh Kpassagnon,23,2017,72,60,85,62,67,65,0.8,4
K,Harrison Butker,22,2017,76,53,80,83,70,50,0.4,4
LB,Ukeme Eligwe,23,2017,76,56,84,70,67,68,0.4,4
END_PLAYERS
######################################################################  RAIDERS
Oakland Raiders,OAK
S,Reggie Nelson,34,2007,42,81,93,77,76,69,2.5,1
OL,Donald Penn,34,2006,59,96,86,85,81,71,3.6,1
OL,Rodney Hudson,28,2011,87,92,90,77,81,76,5.3,3
WR,Lee Smith,30,2011,65,73,84,56,59,53,1.3,1
CB,Sean Smith,30,2009,69,78,88,82,76,55,6.8,3
LB,Navorro Bowman,29,2010,74,85,85,79,75,75,1.6,1
WR,Michael Crabtree,30,2009,82,95,91,77,76,76,5.3,3
K,Marquette King,29,2012,78,70,84,97,85,57,2,4
RB,Jamize Olawale,28,2012,72,76,86,61,76,69,1.1,2
OL,Marshall Newhouse,29,2010,75,73,85,75,68,61,1,2
K,Sebastian Janikowski,39,2000,65,63,82,95,76,50,3.5,1
OL,Jon Condo,36,2005,56,82,84,58,50,50,0.7,1
QB,EJ Manuel,27,2013,65,66,89,85,61,63,0.5,1
WR,Cordarrelle Patterson,26,2013,74,73,89,71,85,82,2.5,2
CB,David Amerson,26,2013,83,84,86,80,81,60,4.1,4
RB,Marshawn Lynch,31,2007,68,84,89,91,79,84,2.7,2
WR,Jared Cook,30,2009,72,83,84,71,75,68,3.2,2
LB,Bruce Irvin,30,2012,70,77,91,71,64,76,6.3,3
OL,Kelechi Osemele,28,2012,89,95,85,87,79,64,7.1,4
K,Giorgio Tavecchio,27,2012,63,54,81,83,71,50,0.3,1
OL,Gabe Jackson,26,2014,76,86,86,85,60,60,5.7,6
CB,Travis Carrie,27,2014,82,77,84,82,83,59,0.5,1
S,Keith McGill,28,2014,60,56,80,74,79,67,0.5,1
QB,Derek Carr,26,2014,78,84,91,91,68,55,14,6
DL,Justin Ellis,27,2014,74,76,83,71,76,71,0.6,1
DL,Khalil Mack,26,2014,86,94,95,76,83,88,5.7,2
DL,Denico Autry,27,2014,78,75,83,60,64,71,1.1,1
WR,Amari Cooper,23,2015,88,85,85,70,85,80,5.6,2
WR,Clive Walford,26,2015,74,74,86,70,64,65,0.6,2
OL,Jon Feliciano,25,2015,68,65,87,67,65,62,0.5,2
DL,Mario Edwards Jr.,23,2015,80,78,78,77,76,72,1.3,2
CB,Dexter McDonald,26,2015,62,51,83,74,83,50,0.4,2
WR,Seth Roberts,26,2014,75,81,86,70,83,69,0.2,3
QB,Connor Cook,24,2016,69,64,91,81,61,50,0.5,3
RB,DeAndre Washington,24,2016,73,68,90,65,83,79,0.4,3
OL,Vadal Alexander,23,2016,70,64,87,75,61,63,0.4,3
LB,Jihad Ward,23,2016,77,64,89,68,68,65,1.2,3
LB,Shilique Calhoun,25,2016,66,62,89,64,67,69,0.6,3
DL,James Cowser,27,2016,68,57,84,67,65,74,0.3,1
S,Karl Joseph,24,2016,86,84,85,79,76,74,2.8,3
LB,Cory James,24,2016,82,72,88,68,63,74,0.4,3
DL,Darius Latham,23,2016,71,59,84,68,68,68,0.3,2
S,Erik Harris,27,2015,62,57,87,69,73,60,0.3,1
WR,Johnny Holton,26,2016,67,48,87,61,85,71,0.3,2
RB,Jalen Richard,24,2016,83,78,87,76,81,79,0.3,2
OL,David Sharpe,22,2017,70,63,86,76,67,61,0.5,4
DL,Treyvon Hester,25,2017,79,67,85,73,67,66,0.4,4
DL,Eddie Vanderdoes,23,2017,80,67,85,79,73,74,0.6,4
LB,Marquel Lee,22,2017,79,73,90,70,67,69,0.4,4
CB,Gareon Conley,22,2017,78,73,88,79,83,50,2.4,4
S,Obi Melifonwu,23,2017,71,62,89,79,85,71,0.9,4
OL,Jylan Ware,24,2017,65,53,87,73,63,60,0.4,4
S,Shalom Luani,23,2017,67,59,88,71,76,55,0.4,4
LB,Xavier Woodson-Luste,22,2017,70,61,85,62,61,69,0.3,3
LB,Nicholas Morrow,22,2017,74,69,84,62,63,76,0.3,3
END_PLAYERS
######################################################################  CHARGERS
Los Angeles Chargers,LAC
OL,Mike Windt,31,2010,76,72,83,60,50,50,0.8,4
QB,Philip Rivers,36,2004,55,90,97,79,71,50,15.2,3
WR,Antonio Gates,37,2003,71,95,82,79,62,70,3.6,1
OL,Joe Barksdale,29,2011,80,77,85,77,60,60,3.9,3
DL,Corey Liuget,27,2011,75,83,89,83,83,76,7,4
WR,Jeff Cumberland,30,2010,75,82,83,60,75,50,0.5,1
OL,Matt Slauson,31,2009,74,91,87,79,61,60,1.4,1
QB,Kellen Clemens,34,2006,58,72,84,71,61,50,0.7,1
WR,Keenan Allen,25,2013,82,93,80,85,76,77,6.5,4
OL,Russell Okung,29,2010,75,81,84,77,60,76,9.4,4
DL,Brandon Mebane,32,2007,74,87,86,83,81,70,3.3,2
OL,Kenny Wiggins,29,2011,82,75,86,71,60,60,0.6,1
K,Nick Novak,36,2005,42,64,79,81,77,50,0.5,1
DL,Melvin Ingram,28,2012,75,85,87,70,71,79,11.2,4
CB,Casey Hayward,28,2012,70,89,83,80,79,50,3.6,2
WR,Travis Benjamin,28,2012,71,85,80,75,85,74,4.3,3
LB,Korey Toomer,29,2012,66,80,76,63,62,80,1.1,1
WR,Sean McGrath,30,2012,64,74,86,60,62,55,0.4,1
S,Jahleel Addae,27,2013,79,83,89,79,70,70,3.7,4
DL,Damion Square,28,2013,64,70,82,65,67,71,1.6,2
RB,Andre Williams,25,2014,71,72,84,73,76,72,0.4,1
DL,Jeremiah Attaochu,24,2014,83,74,84,60,62,79,0.8,1
CB,Jason Verrett,26,2014,85,83,88,86,87,50,2.6,2
S,Tre Boston,25,2014,78,77,87,79,76,71,0.6,1
OL,Michael Schofield,27,2014,79,76,84,70,61,59,0.7,1
DL,Chris McCain,26,2014,71,68,86,50,52,75,0.4,1
OL,Michael Ola,29,2014,71,63,84,71,63,62,0.4,1
DL,Tenny Palepoi,27,2014,71,68,82,79,77,71,0.4,1
RB,Branden Oliver,26,2014,74,72,86,75,77,77,0.5,1
S,Adrian Phillips,25,2014,70,68,87,75,76,63,0.4,1
RB,Melvin Gordon,24,2015,80,87,88,77,85,82,2.5,2
WR,Geremy Davis,25,2015,62,48,81,71,79,72,0.4,1
DL,Darius Philon,23,2015,79,68,84,64,65,75,0.4,2
LB,Kyle Emanuel,26,2015,68,70,86,59,64,69,0.4,2
LB,Denzel Perryman,24,2015,88,79,90,71,75,74,1,2
LB,Hayes Pullard,25,2015,66,67,87,62,60,71,0.3,2
LB,Nick Dzubnar,26,2015,78,66,89,73,67,65,0.3,1
WR,Tyrell Williams,25,2015,76,85,84,75,83,75,0.3,1
QB,Cardale Jones,25,2016,64,62,90,93,54,65,0.5,3
RB,Derek Watt,25,2016,62,54,90,60,67,63,0.4,3
WR,Hunter Henry,23,2016,84,77,91,75,71,66,1.4,3
DL,Joey Bosa,22,2016,91,82,87,76,68,77,6.4,3
LB,Jatavis Brown,23,2016,83,76,88,75,76,77,0.4,3
K,Drew Kaser,24,2016,67,51,73,91,60,50,0.4,3
OL,Spencer Pulley,24,2016,75,75,86,70,64,60,0.3,2
CB,Trevor Williams,24,2016,79,78,85,79,83,50,0.3,1
WR,Mike Williams,23,2017,82,74,88,76,79,76,4.8,4
CB,Michael Davis,22,2017,68,57,89,70,85,53,0.3,1
OL,Dan Feeney,23,2017,73,64,84,83,63,60,0.7,4
CB,Desmond King,23,2017,84,72,92,77,75,53,0.4,4
LB,James Onwualu,23,2017,73,59,87,63,64,70,0.3,3
S,Rayshawn Jenkins,23,2017,70,62,84,74,79,70,0.6,4
OL,Sam Tevi,23,2017,63,55,87,64,64,60,0.4,4
RB,Austin Ekeler,22,2017,79,58,85,61,85,76,0.3,3
WR,Sean Culkin,24,2017,67,55,89,60,68,62,0.3,3
END_PLAYERS
######################################################################  BEARS
Chicago Bears,CHI
DL,Mitch Unrein,30,2010,75,84,84,71,71,70,0.8,1
K,Connor Barth,31,2008,57,60,78,77,71,50,0.6,1
LB,Pernell McPhee,29,2011,75,83,87,70,79,69,4.9,3
LB,Sam Acho,29,2011,67,74,86,70,64,68,0.6,1
CB,Prince Amukamara,28,2011,75,81,87,82,81,69,6.3,1
WR,Zach Miller,33,2009,47,79,80,79,73,69,1.9,1
QB,Mark Sanchez,31,2009,75,70,88,76,60,50,1.6,1
LB,Willie Young,32,2010,74,81,85,61,64,70,2.7,2
OL,Josh Sitton,31,2008,76,92,84,83,63,70,4.6,2
OL,Bradley Sowell,28,2012,75,72,83,70,64,60,0.5,1
WR,Josh Bellamy,28,2012,65,77,87,64,79,67,0.5,1
OL,Kyle Long,29,2013,73,85,91,71,75,65,6,5
QB,Mike Glennon,28,2013,70,77,90,87,62,50,9.6,3
WR,Markus Wheaton,26,2013,79,75,89,70,81,72,3.7,2
DL,John Jenkins,28,2013,68,66,82,85,76,68,0.6,1
CB,Sherrick McManis,30,2010,60,63,80,75,76,50,0.9,1
WR,Dion Sims,26,2013,76,77,80,68,65,63,3.8,3
S,Quintin Demps,32,2008,69,77,87,76,77,68,2.9,3
WR,Kendall Wright,28,2012,68,78,91,75,81,79,1.3,1
DL,Akiem Hicks,28,2012,72,87,86,76,77,74,3.3,1
OL,Bobby Massie,28,2012,77,78,88,70,60,60,3.9,2
LB,Danny Trevathan,27,2012,80,86,87,85,67,75,4.4,3
OL,Tom Compton,28,2012,76,71,90,81,61,60,1.6,1
LB,Jerrell Freeman,31,2012,70,89,88,89,73,75,2.7,2
CB,Marcus Cooper,27,2013,74,76,87,79,81,50,3.5,3
OL,Andrew Depaola,30,2012,69,65,83,61,60,58,0.4,1
RB,Benny Cunningham,27,2013,78,75,87,67,76,71,0.6,1
CB,Kyle Fuller,25,2014,76,76,90,80,85,60,2.3,1
OL,Charles Leno Jr.,26,2014,76,81,85,67,75,60,0.4,5
K,Pat O'Donnell,26,2014,71,66,81,83,73,50,0.4,1
LB,Christian Jones,26,2014,78,75,89,65,62,74,1.2,1
WR,Dontrelle Inman,28,2014,73,78,86,77,77,75,1.6,1
RB,Mike Burton,25,2015,73,77,84,50,67,50,0.4,2
WR,Tre McBride,25,2015,61,41,86,75,83,76,0.3,1
OL,Hroniss Grasu,26,2015,81,74,86,63,61,60,0.6,2
DL,Eddie Goldman,23,2015,77,78,84,77,79,67,1.2,2
S,Adrian Amos,24,2015,82,77,85,79,87,50,0.4,2
CB,Bryce Callahan,26,2015,85,80,86,84,89,50,0.4,1
WR,Cameron Meredith,25,2015,85,86,87,79,79,75,0.3,1
WR,Daniel Brown,25,2015,73,57,86,63,75,66,0.4,1
RB,Jordan Howard,23,2016,80,87,85,81,81,82,0.4,3
OL,Cody Whitehair,25,2016,86,88,89,76,63,57,0.8,3
DL,Jonathan Bullard,24,2016,68,59,87,65,70,77,0.6,3
LB,Nick Kwiatkoski,24,2016,76,74,87,73,70,75,0.5,3
LB,Leonard Floyd,25,2016,74,74,86,70,67,79,3.8,3
CB,Deiondre' Hall,23,2016,63,51,86,74,77,50,0.5,3
S,Deon Bush,24,2016,78,62,87,74,76,60,0.5,3
S,DeAndre Houston-Carso,24,2016,65,52,89,71,77,74,0.4,3
CB,Cre'von LeBlanc,23,2016,74,68,85,75,76,57,0.3,2
QB,Mitchell Trubisky,23,2017,78,68,93,87,64,67,7.2,4
WR,Adam Shaheen,24,2017,66,60,86,68,67,70,1.3,4
S,Eddie Jackson,25,2017,71,71,78,76,77,60,0.6,4
LB,Roy Robertson-Har,24,2016,71,62,85,65,68,65,0.3,2
RB,Tarik Cohen,22,2017,82,77,85,67,85,80,0.5,4
RB,Taquan Mizzell,24,2017,74,51,85,59,76,72,0.3,3
END_PLAYERS
######################################################################  LIONS
Detroit Lions,DET
K,Matt Prater,33,2006,47,69,74,91,91,56,1.9,1
OL,Don Muhlbach,36,2004,63,82,84,62,50,50,0.7,1
S,Don Carey,30,2009,66,63,86,74,75,55,0.5,1
OL,Don Barclay,28,2012,81,75,87,68,60,56,0.7,1
QB,Matthew Stafford,29,2009,77,86,94,97,68,50,16.1,1
OL,TJ Lang,30,2009,88,92,88,79,77,75,7.3,3
DL,Ziggy Ansah,28,2013,70,79,88,71,71,77,5.5,1
CB,DJ Hayden,27,2013,77,71,82,77,83,62,2.8,1
LB,Nick Bellore,28,2011,70,76,83,76,71,65,0.5,1
CB,Darius Slay,26,2013,84,86,86,86,89,53,8.9,4
DL,Haloti Ngata,33,2006,55,84,91,89,81,70,4.8,1
WR,Golden Tate,29,2010,70,89,91,77,79,84,5,2
S,Glover Quin,31,2009,78,90,89,80,75,69,4.6,3
DL,Akeem Spence,26,2013,77,67,86,83,70,68,2.2,3
K,Sam Martin,27,2013,64,66,84,93,75,50,2,4
OL,Ricky Wagner,28,2013,82,87,85,76,73,65,7.4,5
DL,Cornelius Washington,28,2013,66,68,76,77,70,74,2.2,2
S,Tavon Wilson,27,2012,86,83,92,79,76,69,1.1,1
LB,Tahir Whitehead,27,2012,85,87,88,83,70,79,2.5,1
WR,Marvin Jones,27,2012,79,87,89,70,81,72,4.8,4
DL,Jacquies Smith,27,2012,69,73,78,59,59,71,1.1,1
RB,Theo Riddick,26,2013,77,85,88,64,76,79,2.3,3
LB,Paul Worrilow,27,2013,77,72,89,67,64,70,2.2,1
OL,Travis Swanson,26,2014,82,86,90,76,60,60,0.7,1
CB,Nevin Lawson,26,2014,78,78,89,77,81,62,0.6,1
DL,Khyri Thornton,28,2014,60,58,82,75,68,68,1.1,2
WR,Eric Ebron,24,2014,87,82,88,70,76,75,2.9,1
WR,TJ Jones,25,2014,70,66,89,68,81,71,0.4,1
WR,Jared Abbrederis,27,2014,68,68,88,64,79,62,0.4,1
RB,Darren Fells,31,2014,71,76,84,58,60,63,0.7,1
RB,Ameer Abdullah,24,2015,89,79,85,73,79,79,0.8,2
OL,Corey Robinson,25,2015,74,62,80,79,65,62,0.4,2
OL,Brian Mihalik,25,2015,62,59,83,68,61,58,0.3,2
CB,Quandre Diggs,24,2015,78,80,89,77,76,50,0.4,2
RB,Zach Zenner,26,2015,71,76,84,71,76,71,0.3,1
OL,Emmett Cleary,27,2013,61,52,87,67,64,60,0.4,1
OL,Graham Glasgow,25,2016,73,74,89,71,61,60,0.5,3
OL,Taylor Decker,23,2016,89,86,90,81,73,71,2.6,3
DL,Anthony Zettel,25,2016,76,79,90,70,73,79,0.4,3
DL,A'Shawn Robinson,22,2016,78,71,89,75,77,71,1.1,3
LB,Steve Longa,23,2016,62,50,89,73,70,65,0.3,2
S,Miles Killebrew,24,2016,86,76,88,79,76,79,0.5,3
QB,Jake Rudock,24,2016,71,56,88,77,60,50,0.3,1
RB,Dwayne Washington,23,2016,77,65,80,62,81,70,0.4,3
S,Charles Washington,24,2016,76,59,84,76,81,57,0.3,2
WR,Jace Billingsley,24,2016,70,54,87,62,81,75,0.3,2
WR,Michael Roberts,23,2017,80,65,88,67,62,60,0.5,4
DL,Jeremiah Ledbetter,23,2017,77,63,85,70,68,72,0.4,4
LB,Jarrad Davis,22,2017,77,76,82,79,77,77,2.6,4
LB,Jalen Reeves-Maybin,22,2017,78,62,84,62,60,71,0.5,4
CB,Teez Tabor,22,2017,70,63,88,72,76,53,1,4
WR,Kenny Golladay,24,2017,70,66,88,75,81,74,0.6,4
CB,Jamal Agnew,22,2017,72,51,85,74,87,59,0.4,4
DL,Jeremiah Valoaga,23,2017,69,62,85,54,59,71,0.3,3
RB,Tion Green,24,2017,72,54,83,67,67,74,0.3,3
END_PLAYERS
######################################################################  PACKERS
Green Bay Packers,GB
WR,Randall Cobb,27,2011,78,87,89,93,83,74,7.9,2
WR,Lance Kendricks,29,2011,71,79,89,63,68,66,1.6,2
CB,Davon House,28,2011,67,74,86,76,79,50,2.2,1
LB,Ahmad Brooks,33,2006,70,76,88,56,63,68,3.1,1
OL,Bryan Bulaga,28,2010,90,94,86,77,61,76,5,3
S,Morgan Burnett,28,2010,76,84,86,79,75,75,4.9,1
LB,Clay Matthews,31,2009,70,85,91,70,73,76,10.4,2
QB,Aaron Rodgers,34,2005,74,97,96,95,85,55,17.4,3
K,Mason Crosby,33,2007,64,59,87,89,71,50,3.2,3
WR,Jordy Nelson,32,2008,84,98,89,95,79,69,7.6,2
OL,Jahri Evans,34,2006,66,84,87,76,67,62,1.5,1
OL,David Bakhtiari,26,2013,89,98,83,81,70,89,7.5,4
DL,Quinton Dial,27,2013,83,77,78,76,75,68,2.7,3
LB,Nick Perry,27,2012,79,83,88,68,71,77,9.3,5
DL,Mike Daniels,28,2012,76,92,87,89,87,77,7.9,3
OL,Lane Taylor,28,2013,72,83,85,76,65,60,1.5,1
OL,Corey Linsley,26,2014,76,88,85,83,65,60,0.6,1
CB,Demetri Goodson,28,2014,55,59,78,76,83,50,0.4,1
S,Ha Ha Clinton-Dix,25,2014,77,84,90,77,76,77,2.3,2
OL,Ulrick John,25,2014,71,71,84,62,62,58,0.3,1
WR,Davante Adams,25,2014,86,92,87,81,79,74,0.8,1
WR,Richard Rodgers,25,2014,79,76,82,70,63,67,0.7,1
WR,Jeff Janis,26,2014,72,66,86,64,85,66,0.3,1
QB,Brett Hundley,24,2015,77,58,88,83,60,67,0.4,2
RB,Aaron Ripkowski,25,2015,85,84,82,52,68,50,0.4,2
RB,Ty Montgomery,24,2015,83,81,83,68,81,77,0.5,2
LB,Jake Ryan,25,2015,74,78,84,73,68,72,0.5,2
CB,Quinten Rollins,25,2015,71,71,90,77,76,63,0.7,2
CB,Damarious Randall,25,2015,79,72,87,77,81,50,1.8,2
S,Jermaine Whitehead,24,2015,68,51,86,71,79,50,0.3,1
LB,Joe Thomas,26,2014,82,77,87,65,64,74,0.4,1
OL,Justin McCray,25,2014,76,66,80,79,63,59,0.3,1
WR,Geronimo Allison,23,2016,73,71,84,68,76,69,0.3,1
OL,Jason Spriggs,23,2016,74,66,92,70,63,61,1,3
DL,Kenny Clark,22,2016,82,78,89,76,75,69,2.1,3
LB,Blake Martinez,23,2016,91,83,92,73,73,72,0.5,3
LB,Kyler Fackrell,26,2016,73,63,84,70,67,70,0.6,3
DL,Dean Lowry,23,2016,75,62,89,75,76,75,0.5,3
WR,Trevor Davis,24,2016,73,68,85,63,85,63,0.4,3
QB,Joe Callahan,24,2016,67,53,89,73,60,50,0.3,1
CB,Josh Hawkins,24,2016,66,57,84,77,87,50,0.3,2
S,Marwin Evans,24,2016,66,54,87,75,81,55,0.3,2
RB,Jamaal Williams,22,2017,81,63,86,73,77,76,0.5,4
DL,Montravius Adams,23,2017,75,60,92,75,70,74,0.4,4
LB,Vince Biegel,24,2017,74,62,83,64,65,69,0.6,4
CB,Kevin King,22,2017,72,69,86,77,83,55,1.6,4
S,Josh Jones,23,2017,71,71,88,79,85,74,0.8,4
K,Justin Vogel,24,2017,77,55,78,87,67,50,0.3,3
OL,Derek Hart,25,2017,63,53,86,54,50,52,0.3,1
OL,Lucas Patrick,24,2016,76,62,84,67,64,59,0.3,1
RB,Devante Mays,23,2017,63,51,86,68,77,72,0.4,4
RB,Aaron Jones,23,2017,71,61,82,70,79,79,0.4,4
LB,Chris Odom,23,2017,64,49,85,62,64,60,0.3,3
CB,Lenzy Pipkins,24,2017,72,54,78,71,81,50,0.3,3
CB,Donatello Brown,26,2017,63,49,88,71,79,50,0.3,1
END_PLAYERS
######################################################################  VIKINGS
Minnesota Vikings,MIN
WR,Kyle Rudolph,28,2011,75,90,89,85,62,67,5.1,3
S,Andrew Sendejo,30,2010,64,77,84,72,70,72,2.4,3
CB,Terence Newman,39,2003,58,87,86,79,76,53,2.2,1
OL,Joe Berger,35,2005,76,84,86,79,64,62,1.3,1
CB,Tramaine Brock,29,2010,73,78,87,77,77,50,0.6,1
DL,Linval Joseph,29,2010,75,87,84,95,91,72,7.1,6
DL,Tom Johnson,33,2011,61,78,80,65,64,63,1.4,1
LB,Emmanuel Lamur,28,2012,65,67,83,60,60,70,1.6,1
K,Ryan Quigley,27,2013,73,59,85,87,67,50,0.5,2
K,Kai Forbath,30,2011,64,64,83,73,76,50,0.3,1
QB,Sam Bradford,30,2010,86,86,85,81,71,50,10.8,1
CB,Xavier Rhodes,27,2013,80,88,88,88,83,50,9.2,6
DL,Everson Griffen,30,2010,78,86,81,73,75,77,7.8,6
DL,Brian Robison,34,2007,50,83,90,64,63,71,2.2,2
CB,Marcus Sherels,30,2010,64,67,81,77,81,50,1.3,1
RB,Latavius Murray,27,2013,80,84,82,75,85,80,3.4,3
WR,Michael Floyd,28,2012,63,67,86,71,79,74,0.8,1
OL,Riley Reiff,29,2012,83,79,94,73,67,63,8.4,5
S,Harrison Smith,28,2012,77,92,89,80,76,76,6.6,4
WR,Jarius Wright,28,2012,70,75,92,65,83,70,2.7,3
QB,Case Keenum,29,2012,85,81,86,76,64,50,1.3,1
OL,Mike Remmers,28,2012,70,79,84,73,61,63,4,5
OL,Kevin McDermott,27,2013,72,60,85,50,50,50,0.6,4
LB,Anthony Barr,25,2014,75,83,84,73,70,77,4.1,2
DL,Shamar Stephen,26,2014,77,73,87,73,71,67,0.5,1
QB,Teddy Bridgewater,25,2014,69,77,87,81,73,62,1.5,1
RB,Jerick McKinnon,25,2014,75,77,87,76,87,80,0.5,1
WR,Adam Thielen,27,2013,81,89,86,83,79,70,3.5,4
OL,Jeremiah Sirles,26,2014,75,66,90,63,64,60,0.4,1
WR,Stefon Diggs,24,2015,89,90,80,83,83,72,0.4,2
RB,Blake Bell,26,2015,60,51,79,64,64,70,0.5,2
DL,Danielle Hunter,23,2015,80,77,84,64,65,79,0.5,2
LB,Eric Kendricks,25,2015,86,84,83,70,65,79,1.1,2
CB,Trae Waynes,25,2015,81,76,88,77,89,50,3.1,2
OL,Nick Easton,25,2015,69,69,87,68,60,60,0.3,1
RB,Mack Brown,26,2015,66,58,88,65,76,74,0.3,1
S,Anthony Harris,26,2015,80,70,83,76,76,50,0.3,1
WR,Laquon Treadwell,22,2016,84,73,88,71,76,70,2.3,3
WR,David Morgan,24,2016,71,66,80,64,59,62,0.4,3
LB,Kentrell Brothers,24,2016,76,58,90,77,70,65,0.4,3
CB,Mackensie Alexander,24,2016,83,70,85,79,81,50,0.8,3
S,Jayron Kearse,23,2016,65,57,89,69,73,63,0.4,3
DL,Stephen Weatherly,23,2016,70,50,86,63,64,75,0.3,2
OL,Rashod Hill,25,2016,65,53,86,63,61,60,0.3,2
RB,CJ Ham,24,2016,70,66,85,63,70,75,0.3,2
RB,Dalvin Cook,22,2017,80,77,86,77,81,82,1.4,4
WR,Stacy Coley,23,2017,64,56,81,70,83,67,0.4,4
OL,Danny Isidora,23,2017,68,60,84,73,64,60,0.4,4
OL,Pat Elflein,23,2017,73,74,91,77,61,59,0.7,4
QB,Kyle Sloter,23,2017,74,61,90,79,61,62,0.3,1
DL,Jaleel Johnson,23,2017,75,62,89,68,70,72,0.6,4
DL,Tashawn Bower,22,2017,67,49,84,62,63,72,0.3,3
LB,Ben Gedeon,23,2017,79,67,93,63,64,70,0.5,4
LB,Eric Wilson,23,2017,69,50,87,67,64,71,0.3,3
OL,Aviante Collins,24,2017,72,49,84,75,61,59,0.3,3
END_PLAYERS
######################################################################  COWBOYS
Dallas Cowboys,DAL
K,Mike Nugent,35,2005,37,52,84,83,62,50,0.6,1
OL,Tyron Smith,27,2011,80,97,87,79,64,73,9.3,7
DL,Stephen Paea,29,2011,65,76,85,93,83,63,1.5,1
WR,Dez Bryant,29,2010,76,90,89,85,79,82,10.8,3
LB,Sean Lee,31,2010,79,97,85,91,76,77,5.6,3
WR,Jason Witten,35,2003,56,97,94,87,62,63,4.6,5
CB,Orlando Scandrick,30,2008,68,81,83,82,81,53,2.6,3
OL,L. P. Ladouceur,36,2005,76,85,85,59,50,59,0.7,1
LB,Justin Durant,32,2007,65,76,88,70,60,75,0.6,1
K,Dan Bailey,29,2011,71,71,84,85,91,58,2.4,4
RB,Darren McFadden,30,2008,66,72,77,65,79,70,0.6,1
OL,Jonathan Cooper,27,2013,69,69,79,77,63,60,1.5,1
OL,Travis Frederick,26,2013,91,95,96,85,79,67,6,7
K,Chris Jones,28,2011,70,69,81,87,85,56,1,1
WR,Terrance Williams,28,2013,74,80,88,71,81,71,3.3,4
OL,Byron Bell,28,2011,77,74,84,83,61,60,1.3,1
DL,Tyrone Crawford,28,2012,70,81,82,67,71,75,6.6,4
LB,Kyle Wilber,28,2012,62,72,83,65,63,71,1.1,1
OL,Joe Looney,27,2012,67,66,86,68,64,59,0.5,1
RB,Alfred Morris,29,2012,68,80,93,77,76,75,1.3,1
WR,James Hanna,28,2012,72,78,79,60,76,66,2.1,2
WR,Cole Beasley,28,2012,72,86,91,76,77,72,2.6,2
WR,Brice Butler,27,2013,75,79,82,67,85,66,0.8,1
DL,Benson Mayowa,26,2013,76,73,81,57,60,76,2.3,2
S,Jeff Heath,26,2013,71,72,87,76,79,60,1.4,3
OL,Zack Martin,27,2014,83,96,94,87,87,87,2.1,1
CB,Bene Benwikere,26,2014,77,64,87,79,77,50,0.4,1
LB,Anthony Hitchens,25,2014,78,80,92,67,67,76,0.6,1
DL,DeMarcus Lawrence,25,2014,84,84,86,64,65,79,1.2,1
RB,Keith Smith,25,2014,80,76,83,52,62,62,0.4,1
WR,Geoff Swaim,24,2015,78,67,79,60,68,60,0.4,2
OL,Chaz Green,25,2015,82,73,81,61,60,61,0.5,2
OL,La'el Collins,24,2015,84,74,88,77,63,60,3.9,3
LB,Damien Wilson,24,2015,77,73,86,68,65,72,0.5,2
S,Byron Jones,25,2015,82,77,89,86,83,59,2,2
DL,David Irving,24,2015,74,78,84,60,61,77,0.4,1
DL,Richard Ash,25,2015,59,46,85,77,73,63,0.3,2
RB,Rod Smith,25,2015,69,66,87,65,75,72,0.4,2
QB,Dak Prescott,24,2016,88,86,93,87,67,72,0.5,3
RB,Ezekiel Elliott,22,2016,84,88,92,77,83,84,6.2,3
DL,Charles Tapper,24,2016,73,57,90,65,70,76,0.5,3
DL,Maliek Collins,22,2016,82,76,87,71,73,76,0.7,3
LB,Jaylon Smith,22,2016,83,69,82,71,65,74,1.4,3
CB,Anthony Brown,24,2016,85,77,90,79,91,50,0.4,3
S,Kavon Frazier,23,2016,75,63,91,75,75,75,0.4,3
LB,Justin March-Lillard,24,2015,81,69,82,68,65,71,0.3,1
WR,Noah Brown,20,2017,70,52,84,73,76,63,0.4,4
WR,Blake Jarwin,23,2017,63,47,85,63,67,59,0.3,3
DL,Taco Charlton,23,2017,79,64,90,64,70,80,2.3,4
CB,Jourdan Lewis,22,2017,85,74,91,79,79,59,0.6,4
CB,Chidobe Awuzie,22,2017,77,68,88,76,83,62,0.8,4
S,Xavier Woods,22,2017,76,68,89,75,79,69,0.4,4
WR,Ryan Switzer,23,2017,68,61,90,70,79,71,0.5,4
QB,Cooper Rush,24,2017,77,62,91,77,60,50,0.3,3
DL,Lewis Neal,22,2017,73,50,87,65,64,68,0.3,1
END_PLAYERS
######################################################################  GIANTS
New York Giants,NYG
RB,Shane Vereen,28,2011,74,80,87,65,77,74,3.2,1
CB,Dominique R-Cromartie,31,2008,80,91,82,90,87,50,5.4,2
WR,Dwayne Harris,30,2011,67,71,90,65,76,77,2.6,3
LB,JT Thomas,29,2011,61,69,85,64,60,70,2.3,1
OL,John Jerry,31,2010,81,83,74,77,62,60,2.5,3
WR,Brandon Marshall,33,2006,74,84,93,73,75,76,3.9,2
DL,Jason Pierre-Paul,28,2010,74,87,87,73,81,82,12.3,4
QB,Eli Manning,36,2004,48,86,97,81,70,50,17.5,3
OL,Zak DeOssie,33,2007,63,78,89,58,50,54,0.7,2
DL,Damon Harrison,29,2012,75,95,85,87,91,72,6.5,4
DL,Corbin Bryant,29,2011,59,67,83,75,70,68,0.5,1
OL,DJ Fluker,26,2013,74,75,87,83,60,59,2.7,1
OL,Justin Pugh,27,2013,79,86,87,77,70,60,2.7,1
LB,Mark Herzlich,30,2011,63,75,87,63,63,67,0.6,1
QB,Geno Smith,27,2013,72,66,87,83,63,55,0.7,1
LB,Jonathan Casillas,30,2009,72,79,76,68,60,76,2,1
DL,Devin Taylor,28,2013,68,69,85,60,60,71,0.5,1
WR,Tavarres King,27,2013,71,64,85,62,79,74,0.4,1
CB,Janoris Jenkins,29,2012,80,89,91,86,83,60,7.7,4
DL,Olivier Vernon,27,2012,85,87,91,70,73,77,10.3,4
LB,Keenan Robinson,28,2012,71,76,84,68,67,77,1.8,1
RB,Rhett Ellison,29,2012,72,77,79,56,67,55,3.4,4
LB,Deontae Skinner,27,2014,69,62,86,62,58,66,0.4,1
CB,Ross Cockrell,26,2014,71,76,89,79,81,50,1.1,1
OL,Weston Richburg,26,2014,81,89,90,79,63,60,1,1
WR,Odell Beckham Jr.,25,2014,81,94,90,79,89,79,3.1,2
DL,Jay Bromley,25,2014,72,69,85,73,67,70,0.5,1
LB,Devon Kennard,26,2014,72,78,83,75,68,71,0.5,1
S,Nat Berhe,26,2014,69,60,87,72,76,60,0.4,1
K,Brad Wing,26,2014,73,62,83,83,68,50,1.4,3
RB,Orleans Darkwa,25,2014,75,79,87,75,81,79,0.7,1
DL,Kerry Wynn,26,2014,75,65,85,75,71,69,1.1,1
OL,Bobby Hart,23,2015,80,78,85,71,61,59,0.4,2
OL,Ereck Flowers,23,2015,76,74,86,81,60,60,3.5,2
S,Landon Collins,23,2015,87,92,88,79,77,82,1.3,2
LB,Curtis Grant,25,2015,61,56,81,62,63,67,0.3,2
WR,Matt LaCosse,25,2015,63,54,85,60,68,59,0.3,1
OL,Brett Jones,26,2015,71,65,83,71,60,62,0.3,1
DL,Robert Thomas,26,2014,65,58,78,89,75,57,0.3,1
RB,Paul Perkins,23,2016,84,78,84,70,79,76,0.4,3
WR,Sterling Shepard,24,2016,93,86,89,77,81,72,1.3,3
WR,Roger Lewis,24,2016,73,68,85,63,83,69,0.3,2
WR,Jerell Adams,25,2016,66,59,83,62,71,60,0.4,3
CB,Eli Apple,22,2016,83,71,89,79,85,50,3.6,3
S,Darian Thompson,24,2016,80,71,87,75,75,74,0.6,3
LB,BJ Goodson,24,2016,73,67,87,73,75,71,0.5,3
S,Andrew Adams,24,2016,81,66,87,74,77,62,0.3,2
QB,Davis Webb,22,2017,78,65,85,87,61,50,0.6,4
RB,Wayne Gallman,23,2017,83,71,88,76,79,76,0.5,4
WR,Evan Engram,23,2017,76,71,85,70,81,79,2.5,4
OL,Chad Wheeler,23,2017,81,63,83,65,60,60,0.3,3
DL,Dalvin Tomlinson,23,2017,79,79,85,75,77,70,0.9,4
DL,Avery Moss,23,2017,67,53,84,62,64,79,0.4,4
K,Aldrick Rosas,23,2016,73,53,76,79,65,50,0.3,2
LB,Calvin Munson,23,2017,68,62,87,68,68,66,0.3,3
END_PLAYERS
######################################################################  EAGLES
Philadelphia Eagles,PHI
S,Corey Graham,32,2007,67,77,89,76,76,76,1.2,1
RB,LeGarrette Blount,31,2010,83,96,88,81,76,77,0.9,1
WR,Torrey Smith,28,2011,69,78,91,70,81,71,3,3
OL,Stefen Wisniewski,28,2011,76,76,92,73,64,63,1.9,3
OL,Jason Kelce,30,2011,76,86,82,73,#N/A,61,4.5,4
DL,Brandon Graham,29,2010,79,89,87,75,79,80,4.5,2
OL,Jason Peters,35,2004,70,95,89,91,75,77,7.7,3
WR,Brent Celek,32,2007,70,86,87,73,60,62,3.2,2
OL,Lane Johnson,27,2013,85,90,90,77,77,75,7.9,4
OL,Chance Warmack,26,2013,75,72,91,85,61,61,0.6,2
K,Donnie Jones,37,2004,56,64,81,73,67,50,0.9,2
DL,Chris Long,32,2008,68,77,89,75,68,74,1.3,2
WR,Zach Ertz,27,2013,87,95,87,87,65,69,6,5
CB,Patrick Robinson,30,2010,73,82,84,77,77,50,0.5,1
S,Malcolm Jenkins,30,2009,76,82,95,79,75,75,6.1,3
DL,Steven Means,27,2013,67,60,80,56,60,74,0.5,2
RB,Kenjon Barner,27,2013,70,54,89,61,85,76,0.4,1
DL,Fletcher Cox,27,2012,76,85,88,79,85,79,13.5,6
WR,Alshon Jeffery,27,2012,85,86,90,79,79,71,10.3,1
LB,Mychal Kendricks,27,2012,83,78,85,71,68,79,5.3,3
DL,Vinny Curry,29,2012,70,75,86,67,67,75,6.9,4
OL,Brandon Brooks,28,2012,75,86,83,91,70,75,6.1,4
QB,Nick Foles,28,2012,67,71,84,81,62,50,3.1,2
LB,Nigel Bradham,28,2012,70,87,93,71,65,79,2.7,1
LB,Najee Goode,28,2012,60,65,85,60,60,69,0.6,1
S,Rodney McLeod,27,2012,76,81,88,77,73,69,5.1,4
S,Jaylen Watkins,26,2014,71,70,89,75,83,55,0.4,1
CB,Dexter McDougle,26,2014,62,57,79,74,83,50,0.4,2
DL,Timmy Jernigan,25,2014,78,86,84,75,75,75,5.9,5
OL,Taylor Hart,26,2014,72,62,88,61,64,60,0.4,1
DL,Beau Allen,26,2014,73,76,87,77,76,63,0.3,1
RB,Trey Burton,26,2014,75,76,92,60,75,75,1.6,1
RB,Jay Ajayi,24,2015,86,87,81,79,77,84,0.4,2
WR,Nelson Agholor,24,2015,86,78,86,68,83,75,2.2,2
LB,Jordan Hicks,25,2015,81,86,81,73,71,77,0.5,2
CB,Ronald Darby,23,2015,83,81,81,84,87,53,0.9,2
OL,Rick Lovato,25,2015,67,59,87,59,50,56,0.3,1
QB,Carson Wentz,25,2016,74,85,92,85,76,71,6.6,3
RB,Wendell Smallwood,23,2016,74,72,89,70,83,77,0.4,3
OL,Isaac Seumalo,24,2016,84,73,85,71,60,60,0.6,3
CB,Jalen Mills,23,2016,82,71,85,79,81,53,0.4,3
OL,Halapouliva Vaitai,24,2016,77,67,89,68,61,60,0.4,3
LB,Kamu Grugier-Hill,23,2016,61,49,91,63,62,71,0.4,3
LB,Joe Walker,25,2016,63,55,89,71,67,70,0.4,3
DL,Destiny Vaeao,23,2016,77,63,82,71,70,67,0.3,2
WR,Marcus Johnson,23,2016,69,63,84,62,87,63,0.3,2
RB,Corey Clement,23,2017,76,59,85,75,76,77,0.3,3
DL,Derek Barnett,21,2017,75,68,85,76,73,74,3,4
DL,Elijah Qualls,22,2017,67,55,89,87,77,69,0.4,4
CB,Sidney Jones,21,2017,71,66,82,75,81,62,1.3,4
CB,Rasul Douglas,24,2017,76,68,88,72,76,57,0.6,4
LB,Nathan Gerry,22,2017,74,59,85,60,60,69,0.4,4
K,Jake Elliott,22,2017,67,58,78,95,75,50,0.4,4
WR,Shelton Gibson,22,2017,66,56,85,67,87,70,0.4,4
WR,Mack Hollins,24,2017,70,69,86,70,81,70,0.5,4
END_PLAYERS
######################################################################  REDSKINS
Washington Redskins,WAS
QB,Colt McCoy,31,2010,75,71,92,67,61,50,2.2,2
OL,Shawn Lauvao,30,2010,76,80,87,75,62,60,3.1,1
LB,Ryan Kerrigan,29,2011,79,89,92,70,75,71,8.8,4
DL,Phil Taylor,29,2011,68,68,77,77,76,70,0.5,1
RB,Niles Paul,28,2011,60,69,84,57,77,67,1.4,1
DL,Terrell McClain,29,2011,72,77,77,79,76,67,3.9,4
LB,Chris Carter,28,2011,68,69,85,61,58,66,0.6,1
LB,Mason Foster,28,2011,70,85,88,73,67,70,0.9,1
WR,Vernon Davis,33,2006,65,84,87,70,76,70,3.8,3
OL,Ty Nsekhe,32,2012,70,77,80,71,70,62,0.4,1
DL,Arthur Jones,31,2010,68,78,86,81,76,70,0.5,1
OL,Nick Sundberg,30,2009,65,65,79,56,56,50,0.7,4
OL,Trent Williams,29,2010,91,95,89,91,81,77,9.2,4
S,DeAngelo Hall,34,2004,66,83,84,79,77,62,3.5,1
S,DJ Swearinger,26,2013,81,83,91,79,70,57,3.5,3
WR,Terrelle Pryor Sr.,28,2011,72,83,88,73,83,72,5.4,1
LB,Junior Galette,29,2010,71,81,80,63,63,70,0.5,1
WR,Jordan Reed,27,2013,91,94,83,89,75,77,8,4
DL,Ziggy Hood,30,2009,62,73,82,77,70,69,0.9,2
RB,Chris Thompson,27,2013,78,86,71,67,83,74,1.6,1
WR,Brian Quick,28,2012,62,73,86,73,76,74,0.6,1
LB,Zach Brown,28,2012,71,88,83,76,63,80,1.7,1
QB,Kirk Cousins,29,2012,79,84,90,85,73,50,14.3,1
CB,Josh Norman,30,2012,77,95,94,84,77,60,10.8,4
DL,Stacy McGee,27,2013,75,76,80,75,71,66,3.5,5
LB,Trent Murphy,27,2014,75,80,88,64,70,72,0.9,1
CB,Bashaud Breeland,25,2014,75,78,85,77,76,53,0.6,1
OL,Spencer Long,27,2014,74,85,79,77,61,63,0.7,1
WR,Ryan Grant,27,2014,82,77,84,68,77,66,0.4,1
OL,Morgan Moses,26,2014,79,86,84,79,77,60,5.2,6
LB,Will Compton,28,2013,62,74,88,68,64,74,1.1,1
K,Tress Way,27,2014,62,60,83,97,71,50,1.1,4
WR,Jamison Crowder,24,2015,80,84,89,76,83,72,0.5,2
OL,Brandon Scherff,26,2015,79,92,88,85,79,60,5.2,2
OL,TJ Clemmings,26,2015,74,72,88,73,60,58,0.5,2
LB,Preston Smith,25,2015,77,73,85,65,68,71,1.2,2
LB,Martrell Spaight,24,2015,79,73,84,73,70,72,0.4,2
S,Deshazor Everett,25,2015,72,68,85,76,76,50,0.3,1
CB,Quinton Dunbar,25,2015,70,68,86,76,83,50,0.3,1
WR,Josh Doctson,25,2016,79,72,86,73,79,74,2.3,3
DL,Matt Ioannidis,23,2016,82,73,89,79,77,71,0.3,2
CB,Kendall Fuller,22,2016,88,76,84,79,81,60,0.6,3
RB,Rob Kelley,25,2016,79,82,88,79,75,77,0.3,2
DL,Anthony Lanier,24,2016,64,53,86,59,60,71,0.3,2
RB,Samaje Perine,22,2017,85,72,85,75,76,75,0.6,4
WR,Jeremy Sprinkle,23,2017,73,57,86,61,71,67,0.4,4
OL,Chase Roullier,24,2017,67,57,89,73,63,60,0.4,4
DL,Jonathan Allen,22,2017,84,76,84,73,73,74,2.7,4
LB,Ryan Anderson,23,2017,73,65,88,70,71,66,1.1,4
CB,Fabian Moreau,23,2017,68,64,85,79,89,55,0.6,4
LB,Josh Harvey-Clemon,23,2017,73,62,85,64,60,69,0.4,4
K,Nick Rose,23,2016,69,50,68,50,77,50,0.3,1
CB,Joshua Holsey,24,2017,75,53,83,71,81,50,0.4,4
S,Montae Nicholson,22,2017,84,69,83,76,85,62,0.5,4
OL,Tyler Catalina,24,2017,75,56,87,67,63,58,0.3,3
END_PLAYERS
######################################################################  FALCONS
Atlanta Falcons,ATL
OL,Andy Levitre,31,2009,81,88,92,77,77,63,4.7,2
OL,Ben Garland,29,2010,62,60,89,68,67,61,0.4,1
OL,Alex Mack,32,2009,79,97,94,83,#N/A,77,6.8,4
DL,Ahtyba Rubin,31,2008,67,76,87,85,79,67,0.5,1
WR,Andre Roberts,29,2010,67,79,88,64,79,74,1.4,1
WR,Julio Jones,28,2011,83,99,92,97,89,86,10,4
DL,Adrian Clayborn,29,2011,66,79,84,71,70,75,3.3,1
DL,Brooks Reed,30,2011,73,79,88,61,68,77,3.2,3
K,Matt Bosher,30,2011,76,69,88,85,77,56,1.8,3
LB,Sean Weatherspoon,30,2010,63,68,85,62,63,74,0.5,1
K,Matt Bryant,42,2002,52,70,75,93,93,57,1.9,1
QB,Matt Ryan,32,2008,84,93,96,89,83,50,15.8,2
CB,Desmond Trufant,27,2013,78,86,87,88,85,70,9.5,6
CB,Robert Alford,29,2013,71,77,83,84,87,50,6.9,4
CB,Blidi Wreh-Wilson,28,2013,69,67,83,77,77,50,0.5,1
QB,Matt Schaub,36,2004,42,84,85,68,61,50,3.4,2
WR,Levine Toilolo,26,2013,79,79,80,63,61,53,3,3
DL,Dontari Poe,27,2012,78,80,92,91,85,77,5.1,1
DL,Courtney Upshaw,28,2012,69,71,93,67,70,75,0.8,1
WR,Mohamed Sanu,28,2012,73,87,91,87,77,75,4.7,4
DL,Derrick Shelby,28,2012,64,72,84,68,67,74,3.4,3
OL,Josh Harris,28,2012,68,62,89,50,50,50,0.6,2
OL,Austin Pasztor,27,2012,69,75,85,70,62,68,0.5,1
RB,Derrick Coleman,27,2012,76,68,86,65,77,68,0.4,1
S,Kemal Ishmael,26,2013,77,73,85,75,73,74,1.5,1
LB,LaRoy Reynolds,27,2013,73,61,84,63,68,70,0.9,1
OL,Ryan Schraeder,29,2013,89,88,88,76,79,73,4.6,5
WR,Nick Williams,27,2013,79,75,87,67,75,67,0.4,1
S,Ricardo Allen,26,2014,86,81,91,80,79,62,0.4,1
OL,Jake Matthews,25,2014,78,83,94,75,76,61,5,2
RB,Devonta Freeman,25,2014,87,88,91,83,85,90,6.1,6
WR,Taylor Gabriel,26,2014,86,84,79,75,91,70,1.6,1
RB,Tevin Coleman,24,2015,83,83,85,77,89,82,0.6,2
WR,Justin Hardy,26,2015,68,69,89,71,76,76,0.5,2
OL,Ty Sambrailo,25,2015,74,72,85,64,71,59,0.7,2
DL,Grady Jarrett,24,2015,89,84,80,79,77,72,0.4,2
LB,Vic Beasley Jr.,25,2015,75,83,84,63,70,80,3.5,2
CB,Jalen Collins,24,2015,74,76,82,79,81,50,1.1,2
RB,Terron Ward,25,2015,74,68,87,70,76,79,0.3,1
CB,CJ Goodwin,27,2014,72,60,84,76,83,50,0.3,1
WR,Austin Hooper,23,2016,84,75,89,64,68,68,0.6,3
LB,Deion Jones,23,2016,86,85,84,73,67,77,0.9,3
S,Keanu Neal,22,2016,77,76,91,79,76,76,2.5,3
LB,De'vondre Campbell,24,2016,79,83,88,70,65,79,0.5,3
OL,Wes Schweitzer,24,2016,69,65,88,67,62,59,0.4,3
WR,Devin Fuller,23,2016,66,55,86,60,87,63,0.4,3
CB,Brian Poole,25,2016,76,81,85,75,79,63,0.3,2
S,Sharrod Neasman,26,2016,59,52,86,69,70,67,0.3,1
WR,Eric Saubert,23,2017,76,55,88,60,70,69,0.4,4
OL,Sean Harlow,22,2017,71,62,86,75,67,61,0.5,4
S,Damontae Kazee,24,2017,79,66,89,75,77,62,0.4,4
DL,Takkarist McKinley,22,2017,77,70,85,67,65,77,2.4,4
LB,Duke Riley,23,2017,82,66,87,76,68,72,0.7,4
WR,Marvin Hall,24,2016,62,50,88,57,85,70,0.3,1
LB,Jermaine Grace,24,2017,74,60,84,62,65,71,0.3,3
END_PLAYERS
######################################################################  PANTHERS
Carolina Panthers,CAR
DL,Julius Peppers,37,2002,43,84,89,68,70,79,3.1,1
WR,Greg Olsen,32,2007,76,97,92,95,73,70,6.9,2
S,Jairus Byrd,31,2009,65,71,89,79,71,69,0.5,1
S,Mike Adams,36,2004,70,88,84,77,68,67,1.5,2
QB,Cam Newton,28,2011,81,88,97,95,65,79,15.1,4
QB,Derek Anderson,34,2005,51,75,91,83,60,50,1.9,1
S,Colin Jones,30,2011,63,62,82,75,81,62,0.7,2
LB,Andrew Gachkar,29,2011,63,71,83,70,61,69,0.5,1
S,Kurt Coleman,29,2010,77,84,87,77,73,63,3.5,2
OL,JJ Jansen,31,2008,71,76,85,58,50,50,0.7,4
DL,Mario Addison,30,2011,72,86,85,61,64,75,6.1,3
CB,Captain Munnerlyn,29,2009,70,74,86,79,79,53,3.5,4
LB,Thomas Davis,34,2005,45,88,90,81,70,79,8.1,2
OL,Ryan Kalil,32,2007,82,90,90,79,68,61,6.8,1
DL,Charles Johnson,31,2007,74,86,86,68,67,74,2.4,2
RB,Jonathan Stewart,30,2008,72,88,85,81,75,84,2.4,2
DL,Kyle Love,31,2010,75,79,80,73,71,65,0.7,2
OL,Greg Van Roten,27,2012,72,63,86,71,67,61,0.4,1
LB,Ben Jacobs,29,2011,68,68,89,63,60,67,0.5,1
DL,Star Lotulelei,28,2013,73,78,88,93,87,72,2.8,1
WR,Ed Dickson,30,2010,71,82,87,63,70,65,1.6,1
DL,Kawann Short,28,2013,75,89,84,76,77,75,12,5
K,Graham Gano,30,2009,72,56,80,95,73,50,2.3,1
OL,Matt Kalil,28,2012,70,78,90,79,60,60,8.1,5
LB,Luke Kuechly,26,2012,90,96,96,95,83,84,10,5
OL,Amini Silatolu,29,2012,66,69,87,76,62,60,0.6,1
RB,Fozzy Whittaker,28,2012,65,72,82,60,77,71,0.7,2
DL,Wes Horton,27,2013,71,74,80,61,60,71,0.8,2
WR,Russell Shepard,27,2013,77,75,87,67,81,74,2.4,3
OL,Trai Turner,24,2014,90,87,87,77,81,64,7.4,5
QB,Garrett Gilbert,26,2014,58,47,84,73,58,50,0.3,1
WR,Brenton Bersin,27,2012,72,72,86,68,73,68,0.4,1
OL,Andrew Norwell,26,2014,78,89,88,76,67,77,1.6,1
RB,Cameron Artis-Payne,27,2015,59,48,87,73,77,74,0.4,2
WR,Devin Funchess,23,2015,87,75,86,70,79,76,1.2,2
WR,Kaelin Clay,25,2015,67,58,81,60,83,67,0.3,1
OL,Daryl Williams,25,2015,77,75,85,76,68,64,0.5,2
LB,David Mayo,24,2015,70,65,81,73,68,68,0.4,2
LB,Shaq Thompson,23,2015,83,79,89,76,68,77,2,2
CB,Ladarius Gunter,25,2015,74,68,86,75,77,60,0.3,1
WR,Chris Manhertz,25,2014,70,63,85,60,63,65,0.3,1
K,Michael Palardy,25,2014,68,57,78,83,63,50,0.3,1
OL,Tyler Larsen,26,2014,70,69,88,87,70,60,0.3,1
OL,John Theus,23,2016,78,62,90,60,61,60,0.4,3
DL,Vernon Butler,23,2016,76,71,87,70,71,79,1.9,3
LB,Jared Norris,24,2016,70,50,88,63,64,65,0.3,2
CB,Daryl Worley,22,2016,73,75,89,76,75,50,0.6,3
CB,Kevon Seymour,24,2016,66,53,80,74,87,50,0.4,3
CB,James Bradberry,24,2016,77,79,88,77,83,53,0.8,3
RB,Christian McCaffrey,21,2017,82,68,87,68,83,77,4.2,4
WR,Curtis Samuel,21,2017,83,69,86,65,91,69,1.4,4
DL,Bryan Cox Jr.,23,2017,74,51,82,67,68,74,0.3,3
OL,Taylor Moton,23,2017,75,65,94,76,71,65,0.8,4
DL,Daeshon Hall,22,2017,65,58,88,61,63,76,0.6,4
RB,Alex Armah,23,2017,71,59,93,62,68,67,0.4,4
END_PLAYERS
######################################################################  SAINTS
New Orleans Saints,NO
RB,Mark Ingram,28,2011,74,88,89,77,76,79,2.9,2
DL,Cameron Jordan,28,2011,80,90,92,83,85,79,8.5,4
DL,Nick Fairley,29,2011,73,79,88,77,76,74,5.4,4
S,Rafael Bush,30,2010,64,77,83,77,76,59,0.6,1
WR,Ted Ginn Jr.,32,2007,77,83,81,63,87,74,2.8,3
S,Kenny Vaccaro,26,2013,73,81,93,77,73,72,2.6,1
WR,Michael Hoomanawanui,29,2010,65,78,82,64,62,50,1.1,2
LB,Manti Te'o,26,2013,78,80,88,75,64,72,1.7,2
OL,Larry Warford,26,2013,74,80,92,79,61,67,6.3,4
QB,Drew Brees,38,2001,61,99,96,81,85,50,7.3,1
OL,Zach Strief,34,2006,51,89,89,79,73,60,3.1,2
QB,Chase Daniel,31,2009,63,70,93,73,61,50,0.5,1
K,Thomas Morstead,31,2009,64,68,89,89,89,54,2.6,2
OL,Terron Armstead,26,2013,87,89,83,77,64,79,9.1,5
OL,Max Unger,31,2009,81,94,90,76,60,60,5.3,3
DL,Alex Okafor,26,2013,80,78,92,61,61,70,1.8,1
LB,Gerald Hodges Jr.,26,2013,81,79,88,77,67,72,0.5,1
LB,AJ Klein,26,2013,72,76,91,71,62,70,4.2,4
LB,Craig Robertson,29,2011,71,78,86,75,64,70,1.2,2
WR,Coby Fleener,29,2012,74,82,84,71,76,70,4.6,4
OL,Josh LeRibeus,28,2012,74,69,87,77,60,62,0.5,1
DL,John Hughes III,29,2012,69,70,83,73,73,68,0.5,1
OL,Senio Kelemete,27,2012,72,73,85,75,60,63,0.9,1
OL,Bryce Harris,28,2012,74,65,86,68,70,60,0.5,1
LB,Michael Mauti,27,2013,80,72,80,75,71,66,0.5,1
RB,Zach Line,27,2013,62,56,90,67,70,68,0.5,1
S,Chris Banjo,27,2013,75,62,84,76,77,53,0.9,2
WR,Josh Hill,27,2013,80,74,82,67,70,66,1.9,2
WR,Brandon Coleman,25,2014,78,77,83,71,76,70,0.3,1
OL,Andrus Peat,24,2015,78,78,81,75,67,59,2.7,2
DL,Tyeler Davison,25,2015,75,76,81,83,73,67,0.4,2
LB,Hau'oli Kikaha,25,2015,79,73,79,60,62,71,1.1,2
CB,PJ Williams,24,2015,81,65,88,76,81,66,0.6,2
CB,Delvin Breaux,28,2015,69,77,82,77,81,57,0.3,1
WR,Willie Snead,25,2014,85,85,86,75,79,66,0.4,1
RB,Daniel Lasco,25,2016,64,54,82,61,81,69,0.4,3
WR,Michael Thomas,23,2016,90,89,88,85,79,72,1.1,3
DL,Sheldon Rankins,23,2016,80,74,89,75,75,76,3,3
S,Vonn Bell,23,2016,86,73,87,75,77,72,0.8,3
DL,David Onyemata,25,2016,77,73,86,79,75,74,0.5,3
CB,De'vante Harris,24,2016,70,58,85,75,77,50,0.3,2
CB,Ken Crawley,24,2016,83,74,88,79,83,50,0.3,2
WR,Tommylee Lewis,25,2016,71,56,84,63,83,68,0.3,2
K,Wil Lutz,23,2016,68,60,78,93,77,50,0.3,2
RB,Alvin Kamara,21,2017,78,72,84,75,77,82,0.7,4
OL,Ryan Ramczyk,23,2017,84,75,91,77,64,63,2,4
DL,Al-Quadin Muhammad,22,2017,76,56,86,63,63,75,0.4,4
DL,Trey Hendrickson,23,2017,77,58,88,64,67,79,0.6,4
LB,Alex Anzalone,23,2017,70,67,79,68,65,70,0.6,4
CB,Marshon Lattimore,21,2017,72,73,79,80,89,62,3.7,4
S,Marcus Williams,21,2017,79,72,89,77,76,72,1.3,4
OL,Zach Wood,24,2016,70,51,83,60,50,50,0.3,2
WR,Austin Carr,24,2017,69,57,87,67,75,76,0.3,3
QB,Taysom Hill,27,2017,59,48,84,77,54,70,0.3,3
RB,Trey Edmunds,23,2017,63,52,82,63,81,74,0.3,3
END_PLAYERS
######################################################################  BUCCANEERS
Tampa Bay Buccaneers,TB
DL,Clinton McDonald,30,2009,64,74,84,77,75,71,1.8,1
QB,Ryan Fitzpatrick,35,2005,69,69,86,76,61,50,1.8,1
OL,Garrison Sanborn,32,2009,64,64,84,62,54,50,0.6,1
DL,Robert Ayers,32,2009,75,83,82,63,65,74,3.9,2
S,TJ Ward,31,2010,73,81,93,77,76,71,4.1,1
DL,Gerald McCoy,29,2010,70,88,86,85,85,79,9.8,5
RB,Luke Stocker,29,2011,68,72,88,57,67,59,1,1
RB,Jacquizz Rodgers,27,2011,81,78,87,79,76,80,1,2
DL,Chris Baker,30,2009,72,85,81,81,76,71,3.1,3
S,Chris Conte,28,2011,74,81,87,76,75,53,1.5,2
DL,Darryl Tapp,33,2006,45,75,87,58,60,72,0.6,1
WR,DeSean Jackson,31,2008,71,89,84,81,89,77,6.7,3
OL,Joe Hawley,29,2010,87,84,88,79,63,61,1.7,2
CB,Brent Grimes,34,2006,66,90,85,84,76,50,4,1
OL,Demar Dotson,32,2009,79,83,87,75,77,79,2.5,3
CB,Robert McClain,29,2010,64,71,84,77,76,50,0.5,1
DL,Sealver Siliga,27,2011,71,72,82,77,79,67,0.8,1
DL,William Gholston,26,2013,77,80,82,62,67,74,3.3,5
OL,Evan Smith,31,2009,65,78,84,73,63,62,2.1,1
RB,Doug Martin,28,2012,68,83,89,85,77,88,4.3,4
LB,Lavonte David,27,2012,89,88,95,79,68,80,6,4
S,Josh Robinson,26,2012,80,69,84,77,85,50,1.6,2
K,Bryan Anger,29,2012,68,70,90,91,89,57,2,5
S,Keith Tandy,28,2012,73,76,91,79,76,63,0.6,1
OL,JR Sweezy,28,2012,73,78,83,71,60,64,3.6,4
QB,Ryan Griffin,28,2013,65,54,85,71,61,50,0.5,2
DL,Will Clarke,26,2014,66,64,85,61,63,74,0.4,1
WR,Mike Evans,24,2014,85,96,91,77,77,76,4.7,2
RB,Charles Sims III,27,2014,77,81,86,68,79,75,0.6,1
OL,Kevin Pamphile,27,2014,80,74,84,68,61,60,0.6,1
K,Patrick Murray,26,2014,60,48,78,85,73,50,0.3,1
WR,Cameron Brate,26,2014,84,84,85,76,65,60,0.4,1
LB,Adarius Glanton,27,2014,73,67,85,64,65,71,0.4,1
QB,Jameis Winston,23,2015,80,80,96,91,65,70,6.3,2
OL,Ali Marpet,24,2015,90,87,86,77,68,62,0.7,2
OL,Donovan Smith,24,2015,89,78,82,77,60,60,1.3,2
DL,Ryan Russell,25,2015,69,66,77,63,60,74,0.4,1
LB,Kwon Alexander,23,2015,92,84,85,67,68,79,0.5,2
LB,Cameron Lynch,24,2015,74,58,88,61,65,67,0.3,1
WR,Adam Humphries,24,2015,85,86,82,77,77,67,0.4,1
WR,Freddie Martino,26,2014,69,56,84,63,79,71,0.4,1
WR,Bernard Reedy,26,2014,69,61,84,65,77,67,0.3,1
OL,Caleb Benenoch,23,2016,71,64,83,63,64,59,0.4,3
DL,Noah Spence,23,2016,81,71,85,65,65,79,1.3,3
CB,Vernon Hargreaves,22,2016,74,68,88,77,81,63,3.4,3
CB,Ryan Smith,24,2016,71,58,85,74,81,50,0.5,3
LB,Devante Bond,24,2016,75,63,84,60,60,70,0.4,3
OL,Leonard Wester,24,2016,61,48,84,64,60,61,0.3,2
CB,Javien Elliott,24,2016,67,61,85,71,75,55,0.3,1
RB,Peyton Barber,23,2016,71,56,86,63,75,71,0.3,2
WR,OJ Howard,23,2017,71,68,94,68,76,72,2.6,4
WR,Chris Godwin,21,2017,80,65,94,68,83,77,0.6,4
LB,Kendell Beckwith,23,2017,84,78,83,76,75,71,0.6,4
S,Justin Evans,22,2017,80,62,89,77,76,74,1.1,4
WR,Antony Auclair,24,2017,65,53,88,58,61,69,0.3,3
END_PLAYERS
######################################################################  CARDINALS
Arizona Cardinals,ARZ
WR,Jermaine Gresham,29,2010,67,79,88,75,67,72,5.2,4
QB,Carson Palmer,38,2003,64,86,92,83,67,50,15.1,2
DL,Frostee Rucker,34,2006,73,82,84,65,71,72,0.7,1
OL,Justin Drescher,29,2010,76,75,86,60,50,56,0.5,1
K,Phil Dawson,42,1998,48,65,78,85,79,50,2.1,2
QB,Blaine Gabbert,28,2011,79,74,89,77,60,50,0.5,1
WR,Larry Fitzgerald,34,2004,76,97,96,95,71,71,11,1
S,Antoine Bethea,33,2006,73,80,86,77,75,70,2.9,3
CB,Patrick Peterson,27,2011,80,88,93,91,85,50,10.2,4
LB,Karlos Dansby,36,2004,41,81,88,79,77,68,1.6,1
DL,Corey Peters,29,2010,75,86,82,77,77,72,2.2,1
OL,Mike Iupati,30,2010,85,79,89,85,76,59,5.5,3
K,Andy Lee,35,2004,47,62,81,93,71,50,2.3,2
OL,Alex Boone,30,2009,75,77,84,81,61,62,0.5,1
QB,Drew Stanton,33,2007,40,74,86,79,61,50,2.5,1
CB,Tramon Williams,34,2006,38,75,90,79,71,50,1.5,1
OL,Jared Veldheer,30,2010,85,82,88,95,61,59,5.1,2
S,Tyvon Branch,31,2008,78,85,87,80,81,70,2.1,1
LB,Josh Bynes,28,2011,73,79,84,73,68,68,0.5,1
S,Tyrann Mathieu,25,2013,84,85,85,82,81,70,9.3,5
OL,Earl Watford,27,2013,80,76,90,73,60,57,0.5,1
RB,Adrian Peterson,32,2007,76,84,90,75,81,84,1.3,2
OL,AQ Shipley,31,2009,81,86,88,76,61,59,1.3,2
RB,Andre Ellington,28,2013,69,74,82,60,81,70,0.6,1
LB,Chandler Jones,27,2012,85,90,87,71,71,79,11.7,5
CB,Justin Bethel,27,2012,74,72,87,80,76,55,2.2,1
WR,Brittan Golden,29,2012,69,68,84,63,77,67,0.4,1
RB,Kerwynn Williams,26,2013,78,72,86,67,79,76,0.3,1
WR,Jaron Brown,27,2013,83,79,84,77,83,74,0.8,1
LB,Kareem Martin,25,2014,65,60,84,67,68,68,0.5,1
LB,Deone Bucannon,25,2014,85,83,90,71,67,77,2.6,2
WR,Troy Niklas,25,2014,64,58,85,63,62,63,0.8,1
WR,John Brown,27,2014,77,81,82,77,89,76,0.7,1
OL,John Wetzel,26,2013,71,67,83,75,65,58,0.3,1
DL,Josh Mauro,26,2014,74,74,90,73,70,68,2,2
RB,David Johnson,26,2015,90,90,91,85,85,91,0.5,2
WR,JJ Nelson,25,2015,78,78,77,71,93,67,0.4,2
OL,DJ Humphries,24,2015,82,68,86,77,68,60,2,2
DL,Rodney Gunter,25,2015,77,68,81,60,65,71,0.5,2
LB,Markus Golden,26,2015,81,85,86,64,60,71,0.7,2
DL,Olsen Pierre,26,2015,71,64,82,64,67,69,0.3,1
DL,Xavier Williams,25,2015,70,68,86,70,65,66,0.3,1
RB,DJ Foster,24,2016,63,50,85,62,81,74,0.4,2
OL,Max Tuerk,23,2016,68,62,86,64,68,62,0.7,3
OL,Evan Boehm,24,2016,86,75,90,70,63,59,0.5,3
DL,Robert Nkemdiche,23,2016,72,69,86,67,68,77,2,3
LB,Scooby Wright III,23,2016,82,72,83,64,64,71,0.3,1
CB,Brandon Williams,25,2016,70,60,90,75,87,50,0.6,3
RB,Elijhaa Penny,24,2016,78,62,80,68,67,75,0.3,1
S,Budda Baker,21,2017,73,65,89,75,83,68,1.5,4
OL,Will Holden,24,2017,73,59,86,64,50,50,0.4,4
LB,Haason Reddick,23,2017,76,71,88,50,50,50,3.2,4
S,Rudy Ford,23,2017,77,57,87,72,85,70,0.4,4
RB,Ricky Seals-Jones,22,2017,68,48,84,57,70,62,0.3,3
WR,Chad Williams,23,2017,66,55,87,71,81,72,0.6,4
END_PLAYERS
######################################################################  RAMS
Los Angeles Rams,LAR
OL,Andrew Whitworth,36,2006,81,95,90,89,76,73,7.7,3
LB,Robert Quinn,27,2011,82,83,87,65,73,76,7.4,3
DL,Tyrunn Walker,27,2012,72,66,80,68,65,68,0.5,1
WR,Tavon Austin,26,2013,79,77,87,62,91,75,6.1,5
OL,Rodger Saffold,29,2010,71,80,80,71,75,59,4.4,2
LB,Alec Ogletree,26,2013,79,80,87,75,65,77,2.4,1
WR,Robert Woods,25,2013,79,81,90,75,83,71,4.1,5
OL,Jake McQuaide,30,2011,77,65,82,59,50,50,0.6,1
CB,Kayvon Webster,26,2013,76,76,91,77,81,67,2.3,2
LB,Connor Barwin,31,2009,72,77,91,64,67,76,2.1,1
OL,John Sullivan,32,2008,76,83,92,75,63,60,0.7,1
LB,Mark Barron,28,2012,70,78,86,70,64,76,6,4
DL,Michael Brockers,27,2012,87,86,88,76,79,77,6.9,3
CB,Trumaine Johnson,27,2012,77,85,83,80,77,63,10,1
K,Greg Zuerlein,30,2012,64,63,83,91,79,50,1.5,3
K,Johnny Hekker,27,2012,79,70,85,95,93,57,1.9,4
RB,Lance Dunbar,27,2012,71,74,79,63,83,76,0.9,1
WR,Derek Carrier,27,2012,74,70,83,62,76,69,0.6,1
CB,Nickell Robey,25,2013,83,82,87,84,79,50,0.6,1
S,Cody Davis,28,2013,68,68,84,77,81,67,0.9,1
WR,Sammy Watkins,24,2014,87,79,89,75,85,80,4.9,1
DL,Dominique Easley,25,2014,75,79,77,70,70,71,1.1,1
S,Lamarcus Joyner,27,2014,84,83,88,79,77,63,1,1
DL,Aaron Donald,26,2014,80,90,92,91,89,84,2.9,2
OL,Cornelius Lucas,26,2014,73,70,80,60,63,60,0.4,1
DL,Ethan Westbrooks,27,2014,74,76,82,68,64,69,1.1,1
QB,Sean Mannion,25,2015,63,56,87,77,60,50,0.6,2
RB,Todd Gurley,23,2015,91,90,86,79,85,86,3.3,2
OL,Andrew Donnal,25,2015,66,67,84,62,62,60,0.5,2
OL,Jamon Brown,24,2015,74,75,82,76,70,58,0.6,2
OL,Rob Havenstein,25,2015,75,85,85,71,77,60,0.8,2
LB,Bryce Hager,25,2015,66,65,83,70,68,70,0.4,2
CB,Troy Hill,26,2015,66,64,87,77,76,50,0.3,1
LB,Matt Longacre,26,2015,69,66,86,60,60,69,0.4,1
OL,Darrell Williams,24,2015,76,57,83,60,63,63,0.3,1
RB,Malcolm Brown,24,2015,68,55,85,65,79,70,0.3,1
QB,Jared Goff,23,2016,77,81,91,85,67,50,7,3
QB,Brandon Allen,25,2016,56,51,83,77,60,50,0.4,3
WR,Pharoh Cooper,22,2016,71,61,86,63,76,63,0.5,3
RB,Tyler Higbee,24,2016,85,75,88,61,65,70,0.5,3
S,Marqui Christian,23,2016,70,56,87,71,77,70,0.4,3
S,Blake Countess,24,2016,72,49,84,71,77,50,0.3,2
WR,Mike Thomas,23,2016,73,55,89,61,77,63,0.4,3
OL,Austin Blythe,25,2016,70,54,94,68,67,60,0.4,3
LB,Cory Littleton,24,2016,73,63,83,56,58,69,0.3,2
DL,Morgan Fox,23,2016,75,65,89,71,71,75,0.3,1
WR,Gerald Everett,23,2017,78,63,86,70,73,72,1.3,4
WR,Cooper Kupp,24,2017,75,75,89,76,76,74,0.7,4
DL,Tanzel Smart,23,2017,72,68,83,67,64,67,0.4,4
LB,Ejuan Price,24,2017,68,60,80,63,64,67,0.4,4
S,John Johnson,22,2017,72,67,90,77,73,70,0.6,4
WR,Josh Reynolds,22,2017,77,65,86,73,77,67,0.6,4
LB,Samson Ebukam,22,2017,74,62,89,67,71,74,0.5,4
RB,Justin Davis,22,2017,73,52,85,61,77,76,0.3,3
CB,Dominique Hatfield,23,2017,72,53,85,69,73,50,0.3,3
END_PLAYERS
######################################################################  SEAHAWKS
Seattle Seahawks,SEA
DL,Michael Bennett,32,2009,70,84,88,81,85,79,6.8,4
CB,Richard Sherman,29,2011,78,91,96,91,77,62,10,2
DL,Dwight Freeney,37,2002,71,76,80,60,60,72,0.6,1
LB,KJ Wright,28,2011,74,86,90,85,68,72,4.8,2
CB,Neiko Thorpe,27,2012,61,54,87,74,81,50,1.2,2
DL,Cliff Avril,31,2008,69,87,89,61,61,76,4.5,2
OL,Luke Joeckel,26,2013,79,72,86,76,61,60,6.9,1
DL,Dion Jordan,27,2013,73,61,81,50,60,80,0.4,1
DL,Sheldon Richardson,27,2013,75,78,86,77,85,79,3,1
RB,Eddie Lacy,27,2013,78,77,90,75,75,79,3.4,1
WR,Jimmy Graham,31,2010,77,86,86,75,73,72,6,1
S,Earl Thomas III,28,2010,73,91,91,88,83,72,6.6,2
S,Kam Chancellor,29,2010,76,91,94,82,76,79,8.1,4
K,Jon Ryan,36,2006,66,64,82,79,68,50,1.9,3
OL,Duane Brown,32,2008,74,92,90,81,77,75,5.3,2
OL,Oday Aboushi,26,2013,84,78,90,63,60,60,0.7,1
WR,Doug Baldwin,29,2011,79,95,88,89,81,70,6.3,4
WR,Luke Willson,27,2013,80,74,82,68,76,67,1.6,1
LB,Bobby Wagner,27,2012,91,93,90,95,76,84,7.6,3
QB,Russell Wilson,29,2012,90,89,97,87,73,71,14.2,3
LB,Michael Wilhoite,31,2011,69,76,87,70,64,74,1.2,1
CB,Jeremy Lane,27,2012,80,76,85,79,77,50,4.2,3
K,Blair Walsh,27,2012,61,52,86,89,63,50,0.7,1
QB,Austin Davis,28,2012,63,66,87,73,62,50,0.5,1
CB,DeShawn Shead,29,2012,68,82,85,77,76,68,0.8,1
OL,Matt Tobin,27,2013,66,67,85,64,62,60,0.5,1
LB,Terence Garvin,26,2013,70,64,86,63,60,68,0.5,1
S,Brad McDougald,27,2013,74,81,86,79,77,68,1.5,1
OL,Justin Britt,26,2014,89,90,84,76,71,61,5,4
WR,Paul Richardson,25,2014,83,79,83,73,89,71,1,1
LB,Marcus Smith II,25,2014,70,69,85,61,62,70,0.4,1
WR,Tyler Lockett,25,2015,78,79,83,75,87,75,0.6,2
OL,Mark Glowinski,25,2015,72,69,89,83,60,57,0.4,2
DL,Frank Clark,24,2015,88,78,80,77,63,71,0.7,2
LB,DJ Alexander,26,2015,73,65,79,63,60,72,0.4,2
CB,Justin Coleman,24,2015,77,71,86,79,77,50,0.4,1
RB,Thomas Rawls,24,2015,82,81,84,73,73,76,0.3,1
DL,Garrison Smith,26,2014,70,59,86,75,70,66,0.3,1
OL,Tyler Ott,25,2014,56,48,84,58,50,50,0.3,1
RB,CJ Prosise,23,2016,76,68,84,65,81,77,0.6,3
RB,Nick Vannett,24,2016,75,57,84,60,61,67,0.6,3
OL,Germain Ifedi,23,2016,75,77,86,68,60,61,1.9,3
DL,Jarran Reed,25,2016,80,72,87,81,81,72,1,3
LB,Josh Forrest,25,2016,74,58,90,56,54,68,0.3,1
DL,Quinton Jefferson,24,2016,67,51,84,64,65,74,0.4,3
WR,Tanner McEvoy,24,2016,69,62,87,64,76,71,0.3,2
RB,JD McKissic,24,2016,76,65,86,57,77,71,0.3,1
WR,Amara Darboh,23,2017,76,67,88,68,83,72,0.6,4
DL,Nazair Jones,23,2017,85,70,83,76,71,69,0.6,4
OL,Ethan Pocic,22,2017,79,69,88,73,71,61,0.9,4
CB,Shaquill Griffin,22,2017,71,68,88,79,85,62,0.6,4
S,Delano Hill,22,2017,80,62,88,70,75,72,0.6,4
S,Tedric Thompson,22,2017,82,65,85,74,75,67,0.6,4
RB,Christopher Carson,23,2017,81,77,82,79,75,77,0.4,4
OL,Jordan Roos,24,2017,74,51,84,89,63,57,0.3,3
END_PLAYERS
######################################################################  49ERS
San Francisco 49ers,SF
K,Robbie Gould,36,2005,49,59,80,89,73,50,1.3,2
CB,Leon Hall,33,2007,62,69,89,74,76,60,0.6,1
OL,Zane Beadles,31,2010,67,77,90,70,60,56,2.5,2
DL,Elvis Dumervil,33,2006,59,79,85,63,64,74,2.7,2
LB,Dekoda Watson,29,2010,66,64,80,60,57,72,1.2,3
WR,Aldrick Robinson,29,2011,68,75,83,64,85,70,1.3,2
OL,Brandon Fusco,29,2011,79,73,80,79,75,60,0.8,1
WR,Pierre Garcon,31,2008,82,95,87,91,79,74,7.1,5
LB,Malcolm Smith,28,2011,76,81,83,68,64,77,4,5
DL,Tony McDaniel,32,2006,68,79,79,77,77,66,0.6,1
OL,Daniel Kilgore,30,2011,73,79,86,79,60,60,1.1,1
OL,Joe Staley,33,2007,57,94,90,85,71,63,4.8,3
DL,Leger Douzable,31,2008,66,79,81,70,73,68,0.5,1
S,Eric Reid,26,2013,84,78,87,79,77,60,2.4,1
DL,Datone Jones,27,2013,72,76,84,67,63,71,0.5,1
DL,Tank Carradine,27,2013,84,79,82,81,76,79,2.3,1
OL,Kyle Nelson,31,2011,73,66,84,54,50,50,0.7,2
WR,Marquise Goodwin,27,2013,77,78,82,67,91,67,2.5,2
DL,Earl Mitchell,30,2010,63,71,83,65,67,75,2.8,4
RB,Kyle Juszczyk,26,2013,85,85,91,65,68,71,3.9,4
WR,Garrett Celek,29,2012,65,66,80,63,65,63,1.9,3
LB,Ray-Ray Armstrong,26,2013,80,74,84,67,60,72,1.1,2
CB,Dontae Johnson,26,2014,71,69,87,79,83,50,0.5,1
RB,Carlos Hyde,26,2014,84,85,87,76,79,84,0.7,1
QB,Jimmy Garoppolo,26,2014,79,75,92,81,76,50,0.6,1
S,Jimmie Ward,26,2014,76,78,90,79,81,67,2.4,2
DL,Aaron Lynch,24,2014,79,75,81,61,64,76,0.6,1
CB,K'Waun Williams,26,2014,77,67,87,77,77,50,0.4,1
LB,Brock Coyle,27,2014,73,69,90,64,65,74,1.1,1
OL,Laken Tomlinson,25,2015,71,74,86,76,61,60,2,2
OL,Trent Brown,24,2015,83,87,80,83,67,77,0.4,2
DL,Arik Armstead,24,2015,83,77,82,73,76,75,2.3,2
LB,Eli Harold,23,2015,73,66,86,62,64,72,0.6,2
S,Jaquiski Tartt,25,2015,76,81,89,79,79,59,1,2
K,Bradley Pinion,23,2015,70,55,81,83,61,50,0.4,2
RB,Raheem Mostert,25,2015,75,62,86,58,87,71,0.3,1
OL,Joshua Garnett,23,2016,86,76,88,71,61,59,2.1,3
DL,DeForest Buckner,23,2016,79,86,91,75,77,77,4.4,3
DL,Ronald Blair,24,2016,64,55,87,71,70,75,0.4,3
S,Dexter McCoil,26,2015,73,61,90,71,75,62,0.3,2
QB,CJ Beathard,24,2017,75,63,86,83,62,55,0.6,4
OL,Erik Magnuson,23,2017,76,62,81,67,62,60,0.3,3
DL,Solomon Thomas,22,2017,80,68,92,83,77,79,7,4
LB,Reuben Foster,23,2017,76,72,82,73,75,74,2.1,4
LB,Elijah Lee,21,2017,75,57,90,65,61,70,0.4,4
CB,Ahkello Witherspoon,22,2017,67,63,84,79,83,50,0.7,4
S,Adrian Colbert,24,2017,64,57,86,70,79,50,0.4,4
DL,DJ Jones,22,2017,79,58,89,79,71,72,0.4,4
LB,Pita Taumoepenu,23,2017,76,56,89,58,61,67,0.4,4
WR,George Kittle,24,2017,78,73,85,68,76,66,0.4,4
WR,Trent Taylor,23,2017,73,63,88,75,75,76,0.4,4
WR,Kendrick Bourne,22,2017,67,53,81,62,76,71,0.3,3
RB,Matt Breida,22,2017,76,67,85,70,87,75,0.3,3
WR,Victor Bolden Jr.,22,2017,71,54,87,63,81,67,0.3,3
OL,Darrell Williams,24,2017,67,53,86,63,61,60,0.3,1
END_PLAYERS
