## Antdroid/Minotauri NFL Roster for 2017-18 Season
## version 1.55 (11-21-2017)
##Changelog
##v1.0 Initial Release
##v1.11 Fixed extra comma bug affecting iOS and players with initials for first name
##v1.20: Randomized Potential based on Age
##v1.30 Fixed Player Salaries; New Coverage Formula; Using PFC-Converter v1.2
##v1.50 Normalizing Salaries to avoid salary cap issues
## http://www.AntDroid.net
######################################################################  RAVENS
Baltimore Ravens,BAL
WR,Benjamin Watson,37,2004,51,68,75,73,65,65,2.3,1
K,Justin Tucker,28,2012,72,57,71,100,100,57,3.6,3
QB,Ryan Mallett,29,2011,82,45,78,93,60,37,1.9,1
CB,Jimmy Smith,29,2011,87,81,83,92,85,70,9.5,3
LB,Za'Darius Smith,25,2015,79,60,78,65,67,68,0.5,2
DL,Carl Davis,25,2015,98,62,63,81,75,67,0.6,2
S,Eric Weddle,32,2007,56,90,88,88,73,83,5.2,3
WR,Mike Wallace,31,2009,52,75,83,73,88,74,5.6,1
DL,Brandon Williams,28,2013,63,85,65,97,90,71,8.1,5
OL,Ryan Jensen,26,2013,90,62,81,85,93,60,1.1,1
S,Lardarius Webb,32,2009,71,62,78,88,85,53,1.6,3
LB,Terrell Suggs,35,2003,41,71,88,87,88,73,5.3,2
K,Sam Koch,35,2006,71,59,65,87,90,59,2.5,4
OL,Marshal Yanda,33,2007,60,100,90,90,97,78,5.9,2
QB,Joe Flacco,32,2008,69,63,95,99,65,40,19.9,2
LB,Steven Johnson,29,2012,66,50,73,68,60,70,0.5,1
CB,Brandon Carr,31,2008,83,65,85,86,78,60,4.3,4
RB,Danny Woodhead,32,2008,66,70,68,67,81,76,2.3,3
DL,Brent Urban,26,2014,60,60,62,64,65,71,0.4,1
RB,Terrance West,26,2014,79,75,85,75,81,86,1.1,1
OL,Morgan Cox,31,2010,82,60,70,45,40,50,0.7,4
S,Tony Jefferson,25,2013,68,87,71,83,71,81,6.9,4
OL,Luke Bowanko,26,2014,78,45,68,75,71,60,0.4,1
LB,C. J. Mosley,25,2014,66,73,83,90,68,86,2.9,2
S,Anthony Levine Sr.,30,2010,59,62,70,83,75,59,1,3
RB,Javorius Allen,26,2015,78,60,73,71,81,76,0.5,2
WR,Breshad Perriman,24,2015,75,54,63,63,95,80,2.1,2
WR,Vince Mayle,26,2015,98,40,73,63,70,76,0.3,1
RB,Maxx Williams,23,2015,98,45,70,61,65,71,0.8,2
WR,Nick Boyle,24,2015,92,60,83,68,59,53,0.4,2
OL,Austin Howard,30,2010,67,62,71,78,90,62,3.3,3
WR,Jeremy Maclin,29,2009,65,68,71,87,88,80,5,2
WR,Michael Campanaro,26,2014,71,60,70,68,85,70,0.9,1
OL,James Hurst,26,2014,99,64,67,63,60,60,0.9,1
QB,Andy Dalton,30,2011,76,68,93,88,70,40,11.5,4
WR,A. J. Green,29,2011,71,100,90,95,87,92,9.4,3
S,Shawn Williams,26,2013,78,61,85,83,85,83,2.8,4
OL,Eric Winston,34,2006,64,60,81,68,62,60,0.6,1
WR,Tyler Eifert,27,2013,68,81,73,83,71,71,3,1
RB,Giovani Bernard,26,2013,72,67,68,70,87,83,3.1,3
LB,Kevin Minter,27,2013,76,75,75,71,68,78,4,1
LB,Vontaze Burfict,27,2012,76,85,95,85,75,76,3.5,1
CB,Josh Shaw,25,2015,86,45,65,78,85,63,0.5,2
OL,Clint Boling,28,2011,69,63,88,78,61,68,3.6,3
CB,Darqueze Dennard,26,2014,88,60,83,83,88,67,1.9,1
RB,Jeremy Hill,25,2014,70,68,83,78,81,83,0.7,1
WR,Brandon LaFell,31,2010,69,71,83,81,75,74,2.8,2
DL,Carlos Dunlap,28,2010,89,71,68,64,68,86,5.1,2
DL,Geno Atkins,29,2010,84,90,73,85,81,78,8.5,2
OL,Andre Smith,30,2009,87,52,75,95,62,60,3,1
DL,Michael Johnson,30,2009,63,61,70,60,63,83,3.8,2
K,Kevin Huber,32,2009,56,40,70,81,60,40,2,1
CB,Adam Jones,34,2005,69,64,78,88,78,44,5,2
OL,Clark Harris,33,2007,68,54,71,60,40,45,0.6,1
DL,Pat Sims,32,2008,70,61,71,83,75,70,0.7,1
END_PLAYERS
######################################################################  BENGALS
Cincinnati Bengals,CIN
OL,T. J. Johnson,27,2013,66,45,71,75,60,61,1.2,2
K,Randy Bullock,28,2012,73,40,62,93,68,40,0.5,2
S,George Iloka,27,2012,67,68,81,83,73,57,4.1,4
LB,Vincent Rey,30,2010,83,67,83,85,70,74,2.2,2
QB,A. J. McCarron,27,2014,90,61,88,75,65,40,0.4,1
DL,Chris Smith,25,2014,98,40,71,73,71,80,0.4,1
WR,Tyler Kroft,25,2015,69,56,64,67,67,66,0.6,2
OL,Russell Bodine,25,2014,83,68,83,99,60,59,0.7,1
RB,Ryan Hewitt,26,2014,74,58,81,57,62,59,1.4,3
WR,C. J. Uzomah,24,2015,66,45,75,62,73,67,0.4,2
OL,Cedric Ogbuehi,25,2015,87,61,62,68,60,60,2.2,2
OL,Jake Fisher,24,2015,91,62,70,70,60,60,0.9,2
CB,Dre Kirkpatrick,28,2012,81,67,73,86,81,40,7.4,5
OL,Trey Hopkins,25,2014,70,56,70,78,60,59,0.3,2
K,Britton Colquitt,32,2009,53,45,68,81,67,45,1.8,4
OL,Joe Thomas,33,2007,71,100,99,90,78,95,7.2,2
DL,Nate Orchard,24,2015,82,56,81,61,59,71,0.9,2
DL,Danny Shelton,24,2015,91,71,73,95,90,70,2.9,2
OL,Joel Bitonio,26,2014,85,75,87,75,63,83,5.4,6
LB,Christian Kirksey,25,2014,80,71,73,88,67,86,5.5,5
LB,Josh Keyes,24,2015,69,40,78,60,60,67,0.4,1
LB,Jamie Collins,28,2013,75,64,85,78,67,86,8.6,4
OL,Charley Hughlett,27,2014,83,45,68,60,59,52,0.7,6
S,Derron Smith,25,2015,74,45,68,74,73,40,0.4,2
OL,Marcus Martin,24,2014,71,62,71,68,60,59,1.1,1
CB,Jamar Taylor,27,2013,77,60,83,86,88,46,3,3
LB,Tank Carder,28,2012,64,45,85,70,61,73,0.9,1
WR,Kenny Britt,29,2009,88,64,83,73,75,80,6.1,4
CB,Jason McCourty,30,2009,60,73,68,90,88,70,2.3,2
OL,J. C. Tretter,26,2013,91,63,75,83,61,60,4.4,3
DL,Jamie Meder,26,2014,68,61,85,78,68,68,0.4,1
RB,Duke Johnson,24,2015,97,65,70,67,85,83,0.6,2
WR,Sammie Coates,24,2015,99,45,81,62,87,76,0.6,2
RB,Isaiah Crowell,24,2014,88,63,78,81,83,83,1.7,1
WR,Randall Telfer,25,2015,86,50,64,61,63,67,0.4,2
OL,Austin Reiter,26,2015,91,40,73,62,65,59,0.3,1
OL,Kevin Zeitler,27,2012,73,71,88,87,62,67,9,5
CB,Joe Haden,28,2010,82,65,90,94,83,44,6.8,3
LB,Anthony Chickillo,25,2015,94,50,83,61,64,68,0.4,1
LB,Bud Dupree,24,2015,90,54,75,68,64,80,2.2,2
DL,Leterrius Walton,25,2015,94,60,70,73,70,68,0.4,2
OL,Marcus Gilbert,29,2011,81,85,75,87,61,75,4.8,3
S,J. J. Wilcox,26,2013,65,60,75,81,81,78,2,2
OL,Maurkice Pouncey,28,2010,61,88,73,87,63,60,7.1,3
WR,Antonio Brown,29,2010,81,100,88,100,88,90,12.6,5
QB,Ben Roethlisbergr,35,2004,55,73,95,95,73,63,17.1,3
LB,James Harrison,39,2002,43,70,85,73,90,68,1.3,2
CB,William Gay,32,2007,60,75,85,86,81,70,2,2
OL,Ramon Foster,31,2009,82,93,71,81,60,73,2.6,2
DL,Daniel McCullers,25,2014,75,60,65,81,75,60,0.4,1
LB,Vince Williams,28,2013,84,64,71,75,67,73,1.6,2
OL,B. J. Finney,26,2015,68,57,81,71,62,70,0.3,1
WR,Justin Hunter,26,2013,80,50,67,61,85,71,0.6,1
RB,Le'Veon Bell,25,2013,85,78,78,95,85,100,7.6,1
S,Robert Golden,27,2012,70,57,78,80,78,62,1.3,2
END_PLAYERS
######################################################################  BROWNS
Cleveland Browns,CLE
LB,L. J. Fort,27,2012,75,45,75,71,67,71,0.3,1
DL,Cameron Heyward,28,2011,77,85,83,85,85,78,7.7,4
WR,Darrius Heyward-Bey,30,2009,79,67,75,64,87,76,0.9,2
S,Mike Mitchell,30,2009,60,63,87,81,78,66,3.7,2
LB,Ryan Shazier,25,2014,73,73,71,75,75,94,3.1,2
LB,Arthur Moats,29,2010,87,52,71,61,60,70,2,1
WR,Vance McDonald,27,2013,87,50,70,64,70,65,4.2,5
CB,Coty Sensabaugh,29,2012,78,57,78,86,85,37,0.9,2
QB,Landry Jones,28,2013,80,40,83,87,62,37,1.6,2
DL,Stephon Tuitt,24,2014,74,75,65,87,83,74,1,1
DL,Tyson Alualu,30,2010,66,67,75,75,75,74,2.3,2
WR,Martavis Bryant,26,2014,88,67,78,70,90,73,0.5,1
OL,Chris Hubbard,26,2013,92,54,71,62,62,59,1.1,1
WR,Jesse James,23,2015,95,64,73,71,70,57,0.4,2
OL,David DeCastro,27,2012,74,93,88,93,100,71,8.6,5
RB,Terrell Watson,24,2015,79,52,75,67,78,83,0.3,1
WR,Eli Rogers,25,2015,98,63,73,81,81,73,0.3,1
WR,Xavier Grimble,25,2014,67,52,68,61,60,57,0.3,1
K,Chris Boswell,26,2014,80,54,65,88,87,54,0.4,1
K,Colton Schmidt,27,2014,87,40,68,83,61,40,1,2
OL,Richie Incognito,34,2005,74,88,88,93,78,75,4,2
CB,Shareece Wright,30,2011,77,58,78,81,85,47,0.5,1
WR,Charles Clay,28,2011,75,70,88,78,70,74,6,3
QB,Tyrod Taylor,28,2011,90,71,83,87,67,71,11.7,2
RB,Mike Tolbert,32,2008,57,73,81,71,62,70,0.7,1
WR,Jordan Matthews,25,2014,66,75,87,68,85,74,1.1,1
S,Jordan Poyer,26,2013,70,75,73,83,78,40,2.6,4
DL,Ryan Davis,28,2012,63,50,70,60,60,76,0.7,2
DL,Jerry Hughes,29,2010,60,70,87,61,65,83,6.5,3
WR,Brandon Tate,30,2009,68,50,71,60,81,81,0.7,1
WR,Deonte Thompson,28,2012,62,58,65,64,88,70,0.6,1
WR,Logan Thomas,26,2014,86,40,83,60,71,71,0.5,1
LB,Preston Brown,25,2014,99,68,90,67,70,80,0.7,1
RB,Travaris Cadet,28,2012,61,54,73,62,78,80,0.5,1
DL,Cedric Thornton,29,2011,81,59,68,81,78,71,3.4,3
RB,Patrick DiMarco,28,2011,71,67,85,60,60,65,1.6,4
OL,Eric Wood,31,2009,52,81,78,81,62,59,6.8,3
DL,Kyle Williams,34,2006,59,78,73,85,85,73,5.6,1
LB,Lorenzo Alexander,34,2005,48,73,78,70,73,80,2.2,2
S,Shamarko Thomas,26,2013,79,45,75,81,85,66,0.5,1
QB,Joe Webb,31,2010,57,54,70,83,54,80,0.6,1
OL,Ryan Groy,27,2014,65,60,70,75,63,61,1.6,2
LB,Ramon Humber,30,2009,60,60,68,68,60,71,0.6,1
K,Steven Hauschka,32,2008,72,40,67,97,75,40,2.5,3
WR,Andre Holmes,29,2011,77,61,68,68,78,70,1.4,3
S,Micah Hyde,27,2013,77,70,75,86,81,70,4.8,5
OL,Jordan Mills,27,2013,77,61,75,71,60,60,1.3,2
CB,E. J. Gaines,25,2014,68,70,75,83,83,57,0.5,1
WR,Nick O'Leary,25,2015,75,54,81,71,60,53,0.3,1
RB,LeSean McCoy,29,2009,74,81,73,67,85,86,6.6,3
S,Colt Anderson,32,2009,80,58,78,74,73,59,0.7,1
CB,Leonard Johnson,27,2012,71,57,81,80,75,46,0.6,1
OL,Vladimir Ducasse,30,2010,66,63,78,88,61,61,0.8,3
WR,Kelvin Benjamin,26,2014,92,81,75,83,75,76,2.6,2
OL,Seantrel Henderson,25,2014,99,60,60,70,63,56,0.5,1
END_PLAYERS
######################################################################  STEELERS
Pittsburgh Steelers,PIT
OL,John Miller,24,2015,94,68,71,75,60,68,0.6,2
OL,Cordy Glenn,28,2012,73,83,75,90,60,61,9.5,4
DL,Jerel Worthy,27,2012,78,54,70,68,73,73,0.4,1
WR,Khari Lee,25,2015,70,45,75,60,61,65,0.4,2
RB,Damien Williams,25,2014,63,60,73,68,87,80,1.1,1
OL,John Denney,39,2005,60,78,78,60,40,45,0.6,1
OL,Ted Larsen,30,2010,81,59,81,64,67,60,1.4,3
OL,Sam Young,30,2010,71,59,71,70,68,60,0.7,1
S,Reshad Jones,29,2010,61,90,71,92,75,90,8.2,6
WR,Anthony Fasano,33,2006,63,64,81,62,61,59,2.5,1
DL,Cameron Wake,35,2009,74,87,81,73,71,83,5.4,2
WR,Julius Thomas,29,2011,78,62,70,71,73,76,3.8,2
DL,Jordan Phillips,25,2015,66,57,60,83,75,70,0.9,2
LB,Stephone Anthony,25,2015,81,56,70,71,67,78,1.8,2
LB,Lawrence Timmons,31,2007,57,75,85,75,68,81,5.5,2
OL,Ja'Wuan James,25,2014,84,71,75,71,60,65,2.9,2
LB,Mike Hull,26,2015,70,56,81,70,73,73,0.4,1
OL,Jesse Davis,26,2015,82,40,81,71,61,59,0.3,2
LB,Kiko Alonso,27,2013,81,67,73,78,63,76,5.6,4
S,Michael Thomas,27,2012,76,60,78,81,75,60,1.1,1
CB,Bobby McCain,24,2015,70,63,75,86,83,43,0.4,2
OL,Mike Pouncey,28,2011,75,67,65,81,61,60,6.2,4
QB,David Fales,27,2014,74,40,85,70,64,40,0.4,1
QB,Matt Moore,33,2007,81,63,87,71,63,37,1.3,1
QB,Jay Cutler,34,2006,46,60,65,95,62,37,6.3,1
LB,Rey Maualuga,30,2009,76,60,88,73,73,67,0.7,1
RB,MarQueis Gray,28,2013,62,57,73,60,67,71,0.7,2
OL,Jermon Bushrod,33,2007,78,67,87,78,60,59,2.3,1
S,T. J. McDonald,26,2013,87,62,73,83,75,59,0.2,5
CB,Alterraun Verner,29,2010,78,52,75,81,75,70,0.6,1
DL,William Hayes,32,2008,47,73,81,73,83,83,4.2,1
WR,Kenny Stills,25,2013,78,73,81,75,88,74,6.1,4
CB,Walt Aikens,26,2014,61,45,78,78,83,44,0.5,1
DL,Terrence Fede,26,2014,72,40,75,61,64,78,0.4,1
WR,DeVante Parker,24,2015,93,78,78,83,87,74,2.7,2
S,Nate Allen,30,2010,57,61,68,81,75,66,3.4,1
DL,Ndamukong Suh,30,2010,75,73,95,100,99,90,15.1,4
WR,Jarvis Landry,25,2014,68,78,87,97,87,90,0.7,1
K,Cody Parkey,25,2014,66,40,75,93,67,40,0.4,1
RB,Senorise Perry,26,2014,90,40,71,57,88,71,0.4,2
QB,Ryan Tannehill,29,2012,87,67,93,87,67,66,14,4
DL,Andre Branch,28,2012,83,62,64,58,60,76,6.3,3
CB,Malcolm Butler,27,2014,67,85,73,94,83,66,2.4,1
WR,Martellus Bennett,30,2008,59,71,78,75,64,67,5.7,3
DL,Trey Flowers,24,2015,84,65,83,78,78,80,0.5,2
DL,Malcom Brown,23,2015,76,68,68,73,75,71,1.8,2
DL,Alan Branch,33,2007,45,60,67,87,81,67,3.3,2
RB,Dion Lewis,27,2011,83,70,65,67,87,83,1,1
S,Duron Harmon,26,2013,90,64,78,83,81,55,3.4,4
LB,Marquis Flowers,25,2014,82,45,71,58,60,76,0.4,1
OL,David Andrews,25,2015,82,81,81,75,75,60,1.8,4
S,Nate Ebner,29,2012,68,45,95,74,78,71,0.8,1
RB,Rex Burkhead,27,2013,79,64,85,75,71,81,2.6,1
CB,Johnson Bademosi,27,2012,80,45,83,83,85,60,2,1
CB,Eric Rowe,25,2015,81,50,73,83,87,60,1,2
END_PLAYERS
######################################################################  BILLS
Buffalo Bills,BUF
OL,Marcus Cannon,29,2011,70,78,64,88,75,60,4.9,5
OL,Nate Solder,29,2011,62,81,78,85,61,60,8.9,1
DL,Lawrence Guy,27,2011,67,67,81,71,73,71,2.7,4
QB,Brian Hoyer,32,2009,74,62,68,85,63,37,5,2
WR,Julian Edelman,31,2009,67,97,83,85,75,86,4.6,3
WR,Danny Amendola,32,2008,53,73,78,83,71,74,2.8,1
LB,Trevor Reilly,29,2014,77,45,75,61,64,67,0.4,1
S,Devin McCourty,30,2010,79,88,87,96,85,68,7.8,3
WR,Rob Gronkowski,28,2010,76,93,73,97,70,74,6.8,3
S,Patrick Chung,30,2009,71,70,93,83,75,68,2.2,2
QB,Tom Brady,40,2000,60,105,100,95,100,40,15.6,3
K,Stephen Gostkowski,33,2006,73,45,67,93,68,45,3.6,2
WR,Matthew Slater,32,2008,56,67,75,60,78,67,1.3,1
K,Ryan Allen,27,2013,66,40,71,87,65,40,1.7,2
OL,LaAdrian Waddle,26,2013,80,59,70,78,60,60,0.8,1
LB,Kyle Van Noy,26,2014,68,60,71,70,62,76,1.1,1
S,Jordan Richards,24,2015,70,40,85,76,75,70,0.7,2
S,Brandon King,24,2015,72,45,70,76,83,40,0.4,1
WR,Chris Hogan,29,2011,88,85,73,90,81,73,2.5,2
RB,Mike Gillislee,27,2013,80,67,78,78,81,83,2,2
OL,Cameron Fleming,25,2014,98,59,71,73,61,64,1.1,1
DL,Cassius Marsh,25,2014,68,59,83,50,57,73,0.5,1
RB,James White,25,2014,77,63,70,68,83,80,2.6,4
WR,Phillip Dorsett,24,2015,78,59,63,71,97,71,1.9,2
DL,Ricky Jean-Francois,31,2009,80,60,64,71,73,71,0.6,1
RB,James Develin,29,2010,53,71,78,57,57,47,0.9,2
LB,David Harris,33,2007,59,61,88,78,71,68,2,2
RB,Brandon Bolden,27,2012,84,58,75,67,81,74,0.6,1
WR,Brandin Cooks,24,2014,96,78,81,85,97,80,2.7,2
OL,Shaq Mason,24,2015,88,75,73,78,93,60,0.5,2
OL,Joe Cardona,25,2015,75,35,75,68,35,52,0.4,2
CB,Stephon Gilmore,27,2012,66,67,83,90,88,45,10.4,5
LB,Shea McClellin,28,2012,90,63,71,68,61,71,2.4,2
LB,Dont'a Hightower,27,2012,70,85,87,93,87,80,7.1,4
WR,Dwayne Allen,27,2012,77,68,73,71,61,60,5.2,3
DL,Mike Pennel,26,2014,87,52,70,78,70,66,0.6,1
OL,Jonotthan Harrison,26,2014,91,60,75,78,60,59,0.6,1
LB,Bruce Carter,29,2011,76,59,62,70,67,80,0.5,1
RB,Bilal Powell,29,2011,59,81,73,78,81,81,2.9,2
DL,Obum Gwacham,26,2015,84,40,67,60,60,76,0.4,2
DL,Leonard Williams,23,2015,97,71,68,78,81,80,4.8,2
DL,Xavier Cooper,26,2015,87,52,78,70,65,73,0.5,2
LB,Lorenzo Mauldin,25,2015,89,56,71,64,64,70,0.6,2
CB,Buster Skrine,28,2011,74,62,73,86,87,53,4.7,2
DL,Steve McLendon,31,2009,58,62,71,75,83,74,2.7,2
WR,Austin S-Jenkins,25,2014,96,58,67,70,78,65,1.2,1
S,Terrence Brooks,25,2014,87,56,70,81,87,47,0.4,1
OL,Dakota Dozier,26,2014,75,58,78,70,65,60,0.4,1
WR,Jermaine Kearse,27,2012,62,75,88,75,85,73,4,2
DL,David Bass,27,2013,87,52,75,60,59,73,0.5,1
OL,Kelvin Beachum,28,2012,71,68,75,71,61,63,5.9,3
LB,Julian Stanford,27,2012,88,50,65,64,65,81,0.5,1
CB,Darryl Roberts,27,2015,87,45,64,86,88,37,0.4,2
OL,Ben Ijalana,28,2011,87,45,73,75,62,60,3.8,2
OL,James Carpenter,28,2011,62,63,78,85,60,64,3.5,2
END_PLAYERS
######################################################################  DOLPHINS
Miami Dolphins,MIA
WR,Jeremy Kerley,29,2011,64,63,75,75,75,74,0.5,1
DL,Muhammad Wilkerson,28,2011,65,68,88,93,95,83,12.6,4
DL,Kony Ealy,26,2014,62,63,73,67,65,83,0.5,1
RB,Matt Forte,32,2008,72,64,83,83,78,81,3.1,2
LB,Josh Martin,26,2013,78,45,71,61,64,67,1.3,2
S,Rontez Miles,29,2013,90,52,83,78,73,70,0.3,1
OL,Brian Winters,26,2013,73,71,78,71,60,60,4.5,4
LB,Demario Davis,28,2012,75,65,73,75,78,81,1.5,1
OL,Brent Qvale,26,2014,75,52,78,61,63,60,0.3,1
QB,Bryce Petty,26,2015,72,45,70,87,60,45,0.5,2
CB,Morris Claiborne,27,2012,85,60,68,86,85,40,4.4,1
DL,Ed Stinson,27,2014,62,45,65,81,71,63,0.4,1
OL,Wesley Johnson,26,2014,75,62,85,70,60,58,1.7,1
WR,Neal Sterling,25,2015,83,40,73,60,73,73,0.4,1
QB,Josh McCown,38,2002,42,71,70,73,64,37,5.6,1
K,Chandler Catanzaro,26,2014,84,40,68,95,68,40,0.6,1
CB,Robert Nelson,27,2014,76,45,75,78,85,47,0.3,1
WR,Eric Tomlinson,25,2015,92,45,73,62,65,44,0.3,1
OL,Chris Clark,32,2008,83,62,65,75,63,60,2.2,1
QB,Josh Johnson,31,2008,65,45,75,78,59,53,0.6,1
S,Marcus Gilchrist,29,2011,61,64,83,90,81,80,2.4,1
DL,Christian Covington,24,2015,98,60,62,63,63,71,0.4,2
LB,Benardrick McKinney,25,2015,84,67,81,78,65,81,1.2,2
OL,Derek Newton,30,2011,84,71,71,78,71,59,3,3
RB,Jordan Todman,27,2011,75,45,68,63,83,80,0.5,1
CB,Kareem Jackson,29,2010,70,64,70,80,83,53,6.7,2
LB,Brian Cushing,30,2009,68,73,87,68,71,76,6.4,3
LB,Jelani Jenkins,25,2013,89,60,78,64,63,80,0.5,1
WR,Ryan Griffin,27,2013,87,59,75,68,60,63,1.9,3
OL,Greg Mancz,25,2015,77,54,81,78,60,62,0.3,1
OL,Kendall Lamm,25,2015,93,56,81,62,70,59,0.3,1
WR,DeAndre Hopkins,25,2013,89,90,90,90,88,76,2.6,5
CB,Kevin Johnson,25,2015,89,63,75,90,81,55,2.4,2
DL,J. J. Watt,28,2011,87,88,83,99,99,86,11.7,5
LB,Lamarr Houston,30,2010,70,68,68,68,73,68,0.6,1
K,Shane Lechler,41,2000,54,56,67,81,75,56,1.6,1
QB,Tom Savage,27,2014,97,50,78,90,60,40,0.4,1
RB,Alfred Blue,26,2014,85,61,65,70,78,73,0.4,1
S,Eddie Pleasant,29,2012,73,60,87,76,78,70,0.7,1
CB,Johnathan Joseph,33,2006,57,78,71,92,83,44,4.2,1
OL,Jon Weeks,31,2010,81,60,73,56,35,45,0.6,3
LB,Jadeveon Clowney,24,2014,98,64,65,71,70,86,6.8,2
WR,C. J. Fiedorowicz,26,2014,66,65,87,73,67,55,0.8,1
OL,Xavier Su'a-Filo,26,2014,76,60,81,73,61,59,1.2,1
S,Kurtis Drummond,25,2015,67,50,75,78,73,40,0.3,1
RB,Lamar Miller,26,2012,70,78,73,81,88,94,4.1,3
DL,Brandon Dunn,25,2014,85,59,73,63,65,65,0.5,2
CB,Marcus Williams,26,2014,81,54,81,76,78,37,1.7,1
OL,Breno Giacomini,32,2008,66,59,78,71,78,57,2.2,1
S,Andre Hal,25,2014,93,68,75,88,88,43,0.5,1
RB,Jay Prosch,25,2014,73,60,88,59,67,55,0.4,1
WR,Bruce Ellington,26,2014,85,61,83,71,87,80,0.4,1
LB,Whitney Mercilus,27,2012,79,71,78,78,70,76,4.9,3
OL,Jeff Allen,27,2012,81,60,67,78,60,59,4.7,3
S,Corey Moore,24,2015,81,64,81,78,78,53,0.3,1
END_PLAYERS
######################################################################  PATRIOTS
New England Patriots,NE
DL,Henry Anderson,26,2015,84,70,67,70,73,74,0.5,2
OL,Anthony Castonzo,29,2011,70,83,73,83,95,60,7.2,3
WR,Donte Moncrief,24,2014,92,63,78,81,88,74,0.7,1
LB,Jeremiah George,25,2014,76,50,78,71,68,73,0.4,2
OL,Jack Mewhort,26,2014,83,67,81,83,60,64,0.7,1
OL,Tyreek Burwell,25,2015,87,40,70,68,63,58,0.4,1
DL,Johnathan Hankins,25,2013,85,75,70,90,87,71,5.6,3
LB,Jon Bostic,26,2013,89,59,75,68,63,71,0.4,1
LB,Jabaal Sheard,28,2011,85,78,85,81,71,76,5.3,3
K,Adam Vinatieri,45,1996,73,59,71,81,93,59,1.9,1
LB,Barkevious Mingo,27,2013,88,59,78,70,63,81,1.6,1
S,Darius Butler,31,2009,59,64,85,86,83,45,2.8,1
DL,Al Woods,30,2010,65,60,68,90,85,68,1.3,2
CB,Rashaan Melvin,28,2013,72,71,70,92,85,40,0.5,1
WR,Jack Doyle,27,2013,60,70,71,81,62,53,3.9,3
WR,Brandon Williams,30,2013,52,50,65,60,75,62,0.6,1
S,Clayton Geathers,25,2015,84,65,78,81,78,78,0.5,2
DL,Margus Hunt,30,2013,80,57,71,73,67,76,1.3,2
QB,Scott Tolzien,30,2011,88,45,85,70,62,40,1.3,1
WR,T. Y. Hilton,28,2012,80,95,81,88,93,78,9.2,4
RB,Robert Turbin,28,2012,82,59,78,73,85,80,0.8,2
WR,Kamar Aiken,28,2011,90,63,68,75,83,74,2.3,1
LB,John Simon,27,2013,83,63,81,70,71,74,2.8,3
QB,Andrew Luck,28,2012,65,73,85,95,78,67,19.4,5
CB,Pierre Desir,27,2014,60,45,75,80,81,40,0.5,1
RB,Matt Jones,24,2015,69,60,65,64,83,80,0.6,2
OL,Mike Person,29,2011,80,56,67,64,62,63,0.5,1
RB,Frank Gore,34,2005,40,93,85,73,68,78,2.5,1
OL,Denzelle Good,26,2015,97,62,64,78,65,68,0.4,2
WR,Erik Swoope,25,2014,96,40,65,60,65,73,0.3,1
OL,Josh Wells,26,2014,99,45,71,70,65,60,0.5,2
WR,Allen Hurns,26,2014,83,75,83,75,81,76,5.1,4
OL,Tyler Shatley,26,2014,94,45,71,95,63,60,0.7,2
WR,Arrelious Benn,29,2010,66,58,65,60,71,71,0.6,2
S,Barry Church,29,2010,71,60,93,74,73,80,4.1,4
OL,Jermey Parnell,31,2009,81,67,68,71,60,61,4,3
QB,Chad Henne,32,2008,65,61,83,81,60,37,2.5,1
DL,Dante Fowler Jr.,23,2015,96,61,64,60,64,88,6.1,2
DL,Calais Campbell,31,2008,80,87,87,78,87,88,10.3,4
LB,Telvin Smith,26,2014,69,83,73,78,62,86,0.6,1
QB,Blake Bortles,25,2014,96,62,95,90,63,67,7,2
RB,Tommy Bohanon,27,2013,83,57,73,58,61,57,0.4,1
OL,Chris Reed,25,2015,79,45,68,73,62,61,0.3,1
K,Josh Lambo,27,2015,89,40,67,90,71,40,0.4,1
K,Brad Nortman,28,2012,81,45,71,85,68,45,1.4,3
OL,Matt Overton,32,2010,76,45,70,50,40,57,0.5,1
S,Tashaun Gipson,27,2012,70,70,85,83,71,60,5,4
S,Peyton Thompson,27,2012,85,45,70,76,81,40,0.4,1
DL,Marcell Dareus,27,2011,69,68,83,93,93,81,10.1,5
S,Calvin Pryor,25,2014,99,60,87,80,78,67,1,1
CB,Aaron Colvin,26,2014,70,64,64,86,83,53,0.6,1
LB,Paul Posluszny,33,2007,43,81,88,75,70,78,3.6,1
CB,A. J. Bouye,26,2013,74,78,68,92,83,47,9.7,5
DL,Abry Jones,26,2013,85,67,71,81,73,66,2.4,4
LB,Lerentee McCray,27,2013,74,52,65,60,60,71,1.3,1
END_PLAYERS
######################################################################  JETS
New York Jets,NYJ
OL,Patrick Omameh,28,2013,71,64,78,68,60,68,0.6,1
WR,Marqise Lee,26,2014,91,70,78,75,83,76,1.1,1
RB,Chris Ivory,29,2010,79,73,64,75,83,83,4.6,4
DL,Malik Jackson,27,2012,87,64,78,70,78,76,10,5
RB,T. J. Yeldon,24,2015,89,63,70,78,81,86,1.3,2
WR,Allen Robinson,24,2014,73,85,78,83,85,76,0.7,1
OL,Brandon Linder,25,2014,76,83,81,83,67,60,5.6,6
WR,Jaelen Strong,23,2015,93,40,70,75,87,68,0.6,2
WR,Ben Koyack,24,2015,89,56,75,63,64,55,0.3,1
WR,Marcedes Lewis,33,2006,69,68,75,63,60,47,2.5,2
CB,Tyler Patmon,26,2014,74,45,70,78,81,40,0.4,1
WR,James O'Shaughnessy,25,2015,86,40,67,64,70,70,0.4,2
OL,A. J. Cann,26,2015,90,65,78,83,60,60,0.7,2
RB,Corey Grant,26,2015,65,54,62,60,97,71,0.3,1
LB,Wesley Woodyard,31,2008,67,81,88,81,64,83,2.3,3
RB,Demarco Murray,29,2011,64,83,75,75,83,90,3.9,3
QB,Matt Cassel,35,2005,63,60,78,71,60,37,1.6,2
CB,Logan Ryan,26,2013,79,70,88,86,81,73,6.7,3
CB,Brice McCain,31,2009,66,57,73,81,85,40,2,1
LB,Avery Williamson,25,2014,92,62,81,78,71,73,0.6,1
WR,Phillip Supernaw,27,2012,64,57,73,62,67,68,1.1,2
LB,Nate Palmer,28,2013,67,45,75,65,67,70,0.8,2
DL,David King,28,2013,82,45,75,70,67,74,0.4,1
OL,Quinton Spain,26,2015,89,70,83,71,63,68,0.3,1
DL,Sylvester Williams,29,2013,85,60,71,75,70,70,4.3,3
S,Johnathan Cyprien,27,2013,87,71,85,88,83,76,4.4,4
WR,Rishard Matthews,28,2012,88,83,83,83,83,74,3.7,2
CB,Tye Smith,24,2015,89,45,78,76,78,37,0.4,2
K,Ryan Succop,31,2009,73,57,73,85,90,57,1.8,1
DL,Jurrell Casey,28,2011,63,81,81,88,88,78,9.2,6
DL,DaQuan Jones,26,2014,69,78,70,81,83,74,0.7,1
LB,Erik Walden,32,2008,50,61,78,65,64,70,1.9,1
DL,Karl Klug,29,2011,76,64,71,67,67,73,1.6,2
OL,Beau Brinkley,27,2012,80,35,71,56,40,45,0.8,3
WR,Eric Decker,30,2010,72,73,85,87,75,74,4.1,1
LB,Daren Bates,27,2013,86,40,83,64,59,68,1.4,3
S,Brynden Trawick,28,2013,68,45,81,76,73,71,1.5,2
OL,Josh Kline,28,2013,83,78,71,70,70,73,1.3,1
S,Curtis Riley,25,2015,67,45,78,78,83,47,0.3,1
LB,Brian Orakpo,31,2009,50,70,75,73,83,76,5.6,2
OL,Ben Jones,28,2012,90,78,88,81,64,60,2.8,3
OL,Dennis Kelly,27,2012,65,52,81,75,64,60,0.9,3
OL,Brian Schwenke,26,2013,86,60,85,87,61,70,1,1
LB,Derrick Morgan,28,2010,64,62,81,62,67,68,5.2,2
K,Brett Kern,31,2008,75,45,57,85,70,45,2.2,3
QB,Marcus Mariota,24,2015,79,63,93,83,64,70,6.3,2
OL,Taylor Lewan,26,2014,87,87,83,87,75,70,3.6,2
RB,Jalston Fowler,27,2015,65,60,60,61,62,63,0.5,2
S,Da'Norris Searcy,29,2011,75,60,81,80,78,68,4.4,2
WR,Harry Douglas,33,2008,63,60,75,70,81,73,2,1
WR,Eric Weems,32,2007,66,65,70,64,73,73,0.8,2
WR,Delanie Walker,33,2006,65,93,73,87,73,74,3.3,2
QB,Brandon Weeden,34,2012,42,45,85,85,60,37,0.5,1
WR,Darius Jennings,25,2015,79,40,73,61,85,66,0.4,2
DL,Zach Kerr,27,2014,66,45,62,78,73,68,1.2,2
END_PLAYERS
######################################################################  TEXANS
Houston Texans,HOU
LB,Kasim Edebali,28,2014,62,45,73,59,60,66,0.9,1
K,Brandon McManus,26,2014,89,45,73,99,85,45,1.7,1
CB,Aqib Talib,31,2008,69,90,81,96,81,47,6.6,3
WR,Virgil Green,29,2011,87,60,67,63,75,73,2.1,1
LB,Von Miller,28,2011,76,88,88,93,87,88,14.1,5
LB,Shane Ray,24,2015,81,61,71,61,62,76,2.2,2
RB,Jamaal Charles,31,2008,63,71,68,71,85,83,1.6,1
WR,Emmanuel Sanders,30,2010,74,93,75,99,88,73,8.6,3
CB,Bradley Roby,25,2014,84,61,71,90,90,40,1.6,1
LB,Zaire Anderson,25,2015,70,40,73,67,64,66,0.3,1
OL,Menelik Watson,29,2013,63,61,70,71,60,58,4.6,3
DL,Billy Winn,28,2012,63,45,71,68,71,76,0.5,1
OL,Ronald Leary,28,2012,89,75,68,78,64,83,6.2,4
CB,Lorenzo Doss,23,2015,73,45,78,73,83,37,0.4,2
S,Darian Stewart,29,2010,71,68,83,83,73,63,4.8,4
OL,Billy Turner,26,2014,97,60,73,73,58,62,0.5,1
DL,Domata Peko,33,2006,66,75,73,85,70,59,2.7,2
WR,Demaryius Thomas,30,2010,64,85,85,70,87,81,10.1,3
RB,C. J. Anderson,26,2013,66,81,75,90,83,94,2.8,3
OL,Matthew Paradis,28,2014,77,81,73,85,67,75,0.4,1
OL,Cyrus Kouandjio,24,2014,70,60,62,75,63,63,0.4,1
OL,Donald Stephenson,29,2012,63,60,75,71,61,56,3.5,2
DL,Jared Crick,28,2012,73,64,67,67,70,71,1.6,1
LB,Brandon Marshall,28,2012,79,70,81,83,73,80,5.6,4
LB,Todd Davis,25,2014,67,73,85,81,73,76,1.7,1
QB,Trevor Siemian,26,2015,93,70,73,81,67,45,0.4,2
OL,Allen Barbre,33,2007,73,61,73,71,63,60,1,1
DL,Shelby Harris,26,2014,62,58,70,71,73,76,0.4,1
WR,Jeff Heuerman,25,2015,78,52,73,64,64,59,0.5,2
CB,Chris Harris Jr.,28,2011,82,90,87,98,87,45,6.6,3
WR,Cody Latimer,25,2014,67,35,73,63,85,70,0.7,1
WR,A. J. Derby,26,2015,77,45,71,68,68,67,0.4,2
OL,Max Garcia,26,2015,82,64,75,83,62,59,0.5,2
DL,Derek Wolfe,27,2012,77,70,83,83,85,78,6.9,3
QB,Brock Osweiler,27,2012,87,56,88,97,60,40,0.5,1
WR,Jordan Taylor,25,2015,80,56,78,68,81,62,0.3,1
LB,Shaquil Barrett,25,2014,98,78,78,64,62,73,0.4,1
WR,Bennie Fowler,26,2014,86,60,64,67,87,71,0.4,1
OL,Casey Kreiter,27,2014,69,45,78,54,35,59,0.3,1
WR,Albert Wilson,25,2014,98,64,73,71,87,71,1.1,1
S,Daniel Sorensen,27,2014,70,62,85,78,71,66,3.1,4
OL,Jordan Devey,29,2014,72,45,78,68,67,56,0.4,1
DL,Roy Miller,30,2009,64,60,73,78,78,68,0.9,1
RB,Anthony Sherman,29,2011,80,64,85,54,64,55,1.4,1
DL,Rakeem Nunez-Roches,24,2015,89,45,65,65,71,68,0.4,1
S,Eric Berry,29,2010,87,90,85,96,87,80,10.6,6
LB,Derrick Johnson,35,2005,53,90,78,83,70,80,5.7,2
K,Dustin Colquitt,35,2005,49,57,83,83,78,57,2.8,1
LB,Tamba Hali,34,2006,57,75,83,67,78,71,5.4,2
OL,Zach Fulton,26,2014,96,63,75,73,67,60,0.5,1
LB,Dee Ford,26,2014,87,60,75,61,65,80,2.8,2
WR,De'Anthony Thomas,24,2014,73,57,61,63,88,80,0.5,1
LB,Kevin Pierre-Louis,26,2014,72,56,68,68,70,81,0.5,1
LB,Ramik Wilson,25,2015,96,67,81,73,68,81,0.4,1
CB,Marcus Peters,24,2015,69,85,78,94,85,46,2.3,2
END_PLAYERS
######################################################################  COLTS
Indianapolis Colts,IND
CB,Steven Nelson,24,2015,90,60,87,83,85,55,0.5,2
DL,Allen Bailey,28,2011,64,60,83,85,75,76,5.2,2
DL,Jarvis Jenkins,29,2011,67,62,62,87,75,65,0.5,1
LB,Justin Houston,28,2011,75,87,78,88,85,81,13.1,4
OL,Eric Fisher,26,2013,83,71,87,81,61,73,9.1,5
OL,Laurent Duvernay-Tard,26,2014,98,65,83,88,60,70,5.7,6
S,Ron Parker,30,2011,57,68,70,88,85,63,3.8,3
LB,Frank Zombo,30,2010,83,60,78,63,60,67,0.9,2
QB,Tyler Bray,26,2013,81,40,70,90,57,37,0.6,1
WR,Travis Kelce,28,2013,81,95,71,87,73,80,7.1,5
DL,Bennie Logan,28,2013,74,63,71,83,85,71,5.6,1
S,Steven Terrell,27,2013,87,50,73,81,88,43,0.4,1
RB,Charcandric West,26,2014,63,60,68,68,87,80,1,2
CB,Terrance Mitchell,25,2014,92,60,83,83,83,40,0.4,1
CB,Phillip Gaines,26,2014,63,50,71,83,90,37,0.5,1
CB,Kenneth Acker,25,2014,96,45,68,80,83,37,0.4,1
WR,Chris Conley,25,2015,68,60,73,70,90,71,0.6,2
QB,Alex Smith,33,2005,69,85,87,78,75,45,10.9,2
WR,Demetrius Harris,26,2013,91,60,70,63,78,71,1.1,2
OL,Mitch Morse,25,2015,70,78,73,88,68,60,1,2
OL,Cameron Erving,25,2015,76,57,75,71,60,60,2.3,2
OL,Mitchell Schwartz,28,2012,70,73,78,75,75,60,5,4
RB,Akeem Hunt,24,2015,68,54,73,59,88,68,0.3,1
OL,James Winchester,28,2013,79,35,60,52,35,35,0.6,5
OL,Donald Penn,34,2006,67,97,75,88,85,71,3.7,1
WR,Lee Smith,30,2011,59,60,71,56,59,53,1.4,1
CB,Sean Smith,30,2009,52,63,81,92,78,55,7.1,3
DL,Mario Edwards Jr.,23,2015,85,63,63,81,78,74,1.4,2
OL,Rodney Hudson,28,2011,90,88,85,81,85,78,5.6,3
RB,Marshawn Lynch,31,2007,63,71,83,95,83,94,2.8,2
QB,Derek Carr,26,2014,99,71,87,95,68,55,14.6,6
DL,Justin Ellis,27,2014,80,61,70,71,78,73,0.7,1
K,Giorgio Tavecchio,27,2012,74,40,67,87,71,40,0.4,1
WR,Cordarrelle Patterson,26,2013,67,60,83,71,88,92,2.7,2
CB,David Amerson,26,2013,89,71,75,90,85,60,4.2,4
CB,Dexter McDonald,26,2015,60,40,70,76,87,37,0.4,2
K,Sebastian Janikowski,39,2000,57,45,68,99,78,45,3.6,1
OL,Jon Condo,36,2005,56,68,71,58,40,45,0.7,1
QB,E. J. Manuel,27,2013,74,50,83,88,61,63,0.5,1
DL,Khalil Mack,26,2014,84,93,95,78,87,96,5.9,2
OL,Marshall Newhouse,29,2010,71,60,73,75,68,61,1.1,2
S,Reggie Nelson,34,2007,49,67,90,86,78,70,2.7,1
OL,Gabe Jackson,26,2014,75,75,75,88,60,60,5.9,6
WR,Jared Cook,30,2009,80,70,71,71,75,68,3.3,2
DL,Denico Autry,27,2014,78,60,70,60,64,73,1.1,1
CB,Travis Carrie,27,2014,77,62,71,92,87,59,0.5,1
S,Keith McGill,28,2014,60,40,65,76,83,67,0.5,1
WR,Amari Cooper,23,2015,69,73,73,70,88,90,5.8,2
WR,Clive Walford,26,2015,72,60,75,70,64,65,0.6,2
LB,Navorro Bowman,29,2010,63,73,73,83,75,78,1.7,1
WR,Michael Crabtree,30,2009,65,95,87,81,78,80,5.5,3
K,Marquette King,29,2012,87,57,71,100,88,57,2.1,4
RB,Jamize Olawale,28,2012,66,61,75,58,63,57,1.2,2
OL,Jon Feliciano,25,2015,85,45,78,67,65,62,0.5,2
LB,Bruce Irvin,30,2012,69,62,87,71,64,80,6.6,3
END_PLAYERS
######################################################################  JAGUARS
Jacksonville Jaguars,JAX
OL,Kelechi Osemele,28,2012,73,95,73,90,83,64,7.4,4
DL,Chris McCain,26,2014,62,54,75,45,52,78,0.4,1
OL,Michael Ola,29,2014,73,45,71,71,63,62,0.4,1
DL,Tenny Palepoi,27,2014,65,54,68,83,81,73,0.4,1
RB,Branden Oliver,26,2014,64,59,75,75,81,86,0.5,1
DL,Darius Philon,23,2015,88,54,71,64,65,78,0.4,2
LB,Kyle Emanuel,26,2015,98,57,75,59,64,70,0.4,2
LB,Denzel Perryman,24,2015,77,64,85,71,75,76,1,2
QB,Philip Rivers,36,2004,48,85,99,83,71,37,15.8,3
WR,Antonio Gates,37,2003,74,95,68,83,62,71,3.8,1
OL,Joe Barksdale,29,2011,70,62,73,81,60,60,4.1,3
DL,Brandon Mebane,32,2007,71,78,75,87,85,71,3.4,2
OL,Kenny Wiggins,29,2011,81,60,75,71,60,60,0.6,1
WR,Sean McGrath,30,2012,82,60,75,60,62,55,0.4,1
LB,Hayes Pullard,25,2015,93,52,78,62,60,73,0.4,2
DL,Corey Liuget,27,2011,78,70,83,87,87,80,7.3,4
CB,Jason Verrett,26,2014,72,70,81,96,90,43,2.7,2
S,Tre Boston,25,2014,93,62,78,83,78,73,0.6,1
OL,Michael Schofield,27,2014,88,61,71,70,61,59,0.7,1
OL,Mike Windt,31,2010,70,59,70,60,40,45,0.8,4
S,Jahleel Addae,27,2013,90,70,83,83,70,71,3.8,4
DL,Damion Square,28,2013,67,57,68,65,67,73,1.6,2
WR,Keenan Allen,25,2013,66,90,65,88,78,81,6.8,4
OL,Russell Okung,29,2010,78,67,71,81,60,78,9.8,4
WR,Travis Benjamin,28,2012,83,73,65,75,88,76,4.5,3
LB,Korey Toomer,29,2012,86,65,61,63,62,90,1.1,1
S,Adrian Phillips,25,2014,94,54,78,78,78,63,0.4,1
RB,Melvin Gordon,24,2015,93,78,81,81,88,92,2.6,2
K,Nick Novak,36,2005,74,45,64,85,81,45,0.6,1
RB,Andre Williams,25,2014,85,59,71,73,78,74,0.4,1
DL,Jeremiah Attaochu,24,2014,67,60,71,60,62,83,0.9,1
WR,Geremy Davis,25,2015,74,35,67,71,83,74,0.4,1
WR,Jeff Cumberland,30,2010,58,68,70,60,75,47,0.5,1
OL,Matt Slauson,31,2009,66,87,78,83,61,60,1.4,1
QB,Kellen Clemens,34,2006,53,59,71,71,61,37,0.7,1
DL,Melvin Ingram,28,2012,60,73,78,70,71,88,11.6,4
CB,Casey Hayward,28,2012,73,83,70,90,83,43,3.7,2
LB,Nick Dzubnar,26,2015,73,50,83,73,67,65,0.3,1
WR,Tyrell Williams,25,2015,95,73,71,75,87,78,0.3,1
WR,Dontrelle Inman,28,2014,77,63,75,81,81,78,1.7,1
K,Connor Barth,31,2008,50,45,63,81,71,45,0.7,1
CB,Prince Amukamara,28,2011,85,67,78,92,83,70,6.6,1
DL,Eddie Goldman,23,2015,95,63,71,81,83,67,1.3,2
DL,John Jenkins,28,2013,83,50,68,88,78,68,0.6,1
CB,Sherrick McManis,30,2010,58,45,65,78,78,44,0.9,1
CB,Kyle Fuller,25,2014,93,61,85,90,88,60,2.4,1
LB,Danny Trevathan,27,2012,84,75,78,88,67,78,4.6,3
OL,Tom Compton,28,2012,75,58,85,85,61,60,1.7,1
LB,Jerrell Freeman,31,2012,62,83,81,93,73,78,2.8,2
S,Adrian Amos,24,2015,91,62,73,83,90,46,0.4,2
LB,Pernell McPhee,29,2011,81,70,78,70,83,70,5.2,3
LB,Sam Acho,29,2011,73,60,75,70,64,68,0.6,1
OL,Kyle Long,29,2013,76,73,87,71,75,65,6.3,5
OL,Charles Leno Jr.,26,2014,87,67,73,67,75,60,0.4,5
K,Pat O'Donnell,26,2014,86,50,67,87,73,50,0.4,1
END_PLAYERS
######################################################################  TITANS
Tennessee Titans,TEN
OL,Josh Sitton,31,2008,77,88,71,87,63,70,4.8,2
OL,Bradley Sowell,28,2012,62,59,70,70,64,60,0.5,1
WR,Josh Bellamy,28,2012,79,62,78,64,83,67,0.5,1
DL,Mitch Unrein,30,2010,77,71,71,71,71,71,0.8,1
CB,Marcus Cooper,27,2013,77,61,78,83,85,46,3.6,3
OL,Andrew Depaola,30,2012,86,45,70,61,60,58,0.4,1
RB,Benny Cunningham,27,2013,83,60,78,67,78,73,0.6,1
CB,Bryce Callahan,26,2015,63,65,75,94,93,40,0.4,1
QB,Mike Glennon,28,2013,82,62,85,90,62,37,10,3
WR,Markus Wheaton,26,2013,67,60,83,70,85,74,3.9,2
DL,Akiem Hicks,28,2012,79,78,75,78,81,76,3.4,1
OL,Bobby Massie,28,2012,72,63,81,70,60,60,4.1,2
WR,Dion Sims,26,2013,70,62,65,68,65,63,4,3
S,Quintin Demps,32,2008,52,62,78,80,81,68,3,3
RB,Mike Burton,25,2015,68,62,71,45,67,47,0.4,2
WR,Tre McBride,25,2015,98,35,75,75,87,80,0.3,1
WR,Zach Miller,33,2009,49,64,65,83,73,70,2,1
QB,Mark Sanchez,31,2009,57,57,81,78,60,40,1.7,1
LB,Willie Young,32,2010,83,67,73,61,64,71,2.9,2
LB,Christian Jones,26,2014,71,60,83,65,62,76,1.3,1
OL,Hroniss Grasu,26,2015,97,60,75,63,61,60,0.6,2
WR,Kendall Wright,28,2012,86,63,87,75,85,83,1.4,1
WR,Cameron Meredith,25,2015,72,75,78,83,83,78,0.3,1
WR,Daniel Brown,25,2015,76,40,75,63,75,66,0.4,1
RB,Darren Fells,31,2014,57,61,71,58,60,63,0.7,1
K,Matt Prater,33,2006,64,56,60,95,95,56,2,1
OL,Don Muhlbach,36,2004,63,68,71,62,45,40,0.7,1
OL,Brian Mihalik,25,2015,66,40,70,68,61,58,0.3,2
S,Glover Quin,31,2009,83,85,83,90,75,70,4.8,3
DL,Akeem Spence,26,2013,60,52,75,87,70,68,2.3,3
DL,Khyri Thornton,28,2014,87,40,68,75,68,68,1.1,2
WR,Eric Ebron,24,2014,95,68,81,70,78,78,3,1
RB,Theo Riddick,26,2013,89,73,81,64,78,83,2.4,3
LB,Nick Bellore,28,2011,70,61,70,78,71,65,0.5,1
CB,Darius Slay,26,2013,81,75,75,96,93,53,9.3,4
DL,Haloti Ngata,33,2006,70,71,87,93,85,71,5,1
DL,Jacquies Smith,27,2012,67,60,63,59,59,73,1.1,1
CB,Quandre Diggs,24,2015,72,65,83,81,78,43,0.4,2
DL,Ziggy Ansah,28,2013,83,64,81,71,71,86,5.8,1
CB,D. J. Hayden,27,2013,84,58,68,86,87,62,3,1
WR,T. J. Jones,25,2014,86,50,83,68,85,73,0.4,1
WR,Jared Abbrederis,27,2014,84,54,81,64,83,62,0.4,1
OL,T. J. Lang,30,2009,74,88,81,83,81,75,7.6,3
LB,Paul Worrilow,27,2013,66,59,83,67,64,71,2.3,1
OL,Travis Swanson,26,2014,75,75,85,78,60,60,0.7,1
WR,Golden Tate,29,2010,84,83,87,81,83,94,5.3,2
LB,Tahir Whitehead,27,2012,85,78,81,87,70,83,2.6,1
WR,Marvin Jones,27,2012,80,78,83,70,85,74,5,4
RB,Ameer Abdullah,24,2015,68,64,73,73,83,88,0.8,2
K,Sam Martin,27,2013,69,50,71,97,75,50,2.1,4
OL,Ricky Wagner,28,2013,71,78,73,78,73,65,7.8,5
CB,Nevin Lawson,26,2014,64,63,83,86,85,62,0.6,1
S,Don Carey,30,2009,67,45,75,76,75,55,0.5,1
OL,Don Barclay,28,2012,60,60,78,68,60,56,0.7,1
QB,Matthew Stafford,29,2009,79,75,93,100,68,46,16.8,1
END_PLAYERS
######################################################################  BRONCOS
Denver Broncos,DEN
OL,Corey Robinson,25,2015,87,45,65,83,65,62,0.4,2
DL,Cornelius Washington,28,2013,66,54,61,81,70,76,2.3,2
S,Tavon Wilson,27,2012,83,70,88,83,78,70,1.2,1
RB,Zach Zenner,26,2015,73,61,71,71,78,73,0.3,1
OL,Emmett Cleary,27,2013,73,40,78,67,64,60,0.4,1
CB,Davon House,28,2011,71,60,75,80,83,40,2.3,1
WR,Randall Cobb,27,2011,70,78,83,97,87,76,8.3,2
WR,Lance Kendricks,29,2011,66,64,83,63,68,66,1.6,2
LB,Jake Ryan,25,2015,95,63,71,73,68,74,0.5,2
CB,Quinten Rollins,25,2015,83,58,85,81,78,63,0.7,2
CB,Damarious Randall,25,2015,73,59,78,86,85,46,1.9,2
OL,Ulrick John,25,2014,85,58,71,62,62,58,0.4,1
WR,Davante Adams,25,2014,79,88,78,85,83,76,0.8,1
OL,Bryan Bulaga,28,2010,72,93,75,81,61,78,5.2,3
S,Morgan Burnett,28,2010,83,71,75,88,75,78,5.2,1
LB,Clay Matthews,31,2009,75,73,87,70,73,80,10.8,2
QB,Aaron Rodgers,34,2005,41,99,97,99,88,55,18.1,3
K,Mason Crosby,33,2007,50,40,78,93,71,40,3.3,3
WR,Jordy Nelson,32,2008,60,100,83,99,83,70,7.9,2
OL,Lane Taylor,28,2013,71,70,73,78,65,60,1.6,1
OL,Corey Linsley,26,2014,67,81,73,87,65,60,0.6,1
CB,Demetri Goodson,28,2014,76,40,63,80,87,37,0.4,1
S,Jermaine Whitehead,24,2015,69,40,75,73,83,40,0.3,1
OL,Jahri Evans,34,2006,57,71,78,78,67,62,1.5,1
DL,Mike Daniels,28,2012,84,88,78,93,90,81,8.3,3
OL,David Bakhtiari,26,2013,67,100,70,85,70,93,7.9,4
QB,Brett Hundley,24,2015,68,40,81,87,60,67,0.4,2
DL,Quinton Dial,27,2013,64,62,63,78,75,68,2.8,3
S,Ha Ha Clinton-Dix,25,2014,79,71,85,86,78,81,2.4,2
RB,Aaron Ripkowski,25,2015,80,71,68,52,68,45,0.4,2
RB,Ty Montgomery,24,2015,82,67,70,68,85,86,0.6,2
LB,Ahmad Brooks,33,2006,65,61,81,56,63,68,3.3,1
WR,Richard Rodgers,25,2014,93,61,68,70,63,67,0.7,1
WR,Jeff Janis,26,2014,89,50,75,64,88,66,0.4,1
LB,Nick Perry,27,2012,77,70,81,68,71,81,9.7,5
CB,Terence Newman,39,2003,58,78,75,88,78,53,2.3,1
OL,Joe Berger,35,2005,61,71,75,83,64,62,1.4,1
DL,Danielle Hunter,23,2015,80,62,71,64,65,88,0.6,2
LB,Eric Kendricks,25,2015,74,71,70,70,65,83,1.1,2
WR,Kyle Rudolph,28,2011,79,85,83,88,62,67,5.4,3
DL,Shamar Stephen,26,2014,64,60,78,73,71,67,0.6,1
QB,Teddy Bridgewater,25,2014,91,62,78,85,73,62,1.6,1
QB,Case Keenum,29,2012,70,67,75,78,64,37,1.4,1
OL,Nick Easton,25,2015,80,56,78,68,60,60,0.3,1
CB,Xavier Rhodes,27,2013,90,81,81,96,87,43,9.6,6
CB,Trae Waynes,25,2015,81,61,81,86,93,40,3.2,2
S,Andrew Sendejo,30,2010,80,62,71,74,70,74,2.5,3
K,Kai Forbath,30,2011,74,45,70,73,78,45,0.3,1
QB,Sam Bradford,30,2010,74,75,73,85,71,37,11.3,1
RB,Jerick McKinnon,25,2014,77,62,78,78,90,90,0.5,1
OL,Mike Remmers,28,2012,76,64,71,73,61,63,4.1,5
OL,Kevin McDermott,27,2013,89,45,73,45,40,45,0.6,4
WR,Jarius Wright,28,2012,78,60,88,65,87,71,2.8,3
DL,Everson Griffen,30,2010,79,75,67,73,75,86,8.2,6
DL,Brian Robison,34,2007,54,70,85,64,63,73,2.3,2
END_PLAYERS
######################################################################  CHIEFS
Kansas City Chiefs,KC
OL,Jeremiah Sirles,26,2014,76,50,85,63,64,60,0.4,1
CB,Marcus Sherels,30,2010,53,52,67,86,85,37,1.3,1
RB,Latavius Murray,27,2013,71,71,68,75,88,90,3.5,3
LB,Anthony Barr,25,2014,71,70,71,73,70,86,4.3,2
WR,Stefon Diggs,24,2015,71,85,65,87,87,74,0.4,2
RB,Blake Bell,26,2015,84,40,64,64,64,71,0.5,2
CB,Tramaine Brock,29,2010,73,63,78,86,81,44,0.6,1
DL,Linval Joseph,29,2010,80,78,71,99,95,74,7.4,6
DL,Tom Johnson,33,2011,50,63,65,65,64,63,1.5,1
LB,Emmanuel Lamur,28,2012,68,52,70,60,60,71,1.7,1
K,Ryan Quigley,27,2013,71,40,73,90,67,40,0.5,2
WR,Adam Thielen,27,2013,73,83,75,87,83,71,3.6,4
WR,Michael Floyd,28,2012,68,52,75,71,83,76,0.9,1
OL,Riley Reiff,29,2012,89,64,93,73,67,63,8.7,5
S,Harrison Smith,28,2012,73,88,83,90,78,80,6.9,4
RB,Mack Brown,26,2015,76,40,81,65,78,76,0.3,1
S,Anthony Harris,26,2015,85,57,70,80,78,43,0.3,1
WR,Jason Witten,35,2003,73,99,93,90,62,63,4.8,5
CB,Orlando Scandrick,30,2008,55,67,70,92,85,53,2.8,3
OL,L. P. Ladouceur,36,2005,59,73,73,59,40,59,0.8,1
OL,Byron Bell,28,2011,79,60,71,87,61,60,1.4,1
LB,Anthony Hitchens,25,2014,81,65,88,67,67,80,0.7,1
WR,Cole Beasley,28,2012,64,75,87,78,81,74,2.8,2
WR,Brice Butler,27,2013,63,64,68,67,88,66,0.9,1
DL,Richard Ash,25,2015,88,35,73,81,73,63,0.3,2
OL,Travis Frederick,26,2013,83,95,97,88,83,67,6.2,7
RB,Alfred Morris,29,2012,79,65,90,81,78,78,1.4,1
WR,James Hanna,28,2012,65,63,64,60,78,66,2.2,2
LB,Damien Wilson,24,2015,86,60,75,68,65,74,0.5,2
S,Byron Jones,25,2015,91,62,83,96,87,59,2.1,2
OL,Tyron Smith,27,2011,70,99,78,83,64,73,9.7,7
DL,Stephen Paea,29,2011,86,61,73,97,87,63,1.6,1
WR,Dez Bryant,29,2010,65,85,83,88,83,92,11.3,3
LB,Sean Lee,31,2010,55,99,73,95,78,81,5.8,3
K,Dan Bailey,29,2011,79,58,71,88,95,58,2.5,4
RB,Darren McFadden,30,2008,54,59,62,65,83,71,0.7,1
OL,Jonathan Cooper,27,2013,83,56,64,81,63,60,1.6,1
DL,DeMarcus Lawrence,25,2014,88,71,75,64,65,83,1.2,1
K,Mike Nugent,35,2005,47,40,71,87,62,40,0.6,1
DL,Benson Mayowa,26,2013,71,60,67,57,60,80,2.4,2
S,Jeff Heath,26,2013,75,59,78,80,83,60,1.5,3
OL,Zack Martin,27,2014,85,97,93,90,90,90,2.2,1
DL,David Irving,24,2015,78,63,71,60,61,81,0.4,1
K,Chris Jones,28,2011,68,56,67,90,88,56,1,1
WR,Terrance Williams,28,2013,69,65,81,71,85,73,3.4,4
DL,Tyrone Crawford,28,2012,74,67,68,67,71,78,6.9,4
LB,Kyle Wilber,28,2012,82,59,70,65,63,73,1.2,1
OL,Joe Looney,27,2012,75,50,75,68,64,59,0.6,1
RB,Keith Smith,25,2014,67,61,70,52,62,62,0.4,1
CB,Bene Benwikere,26,2014,86,45,78,83,81,40,0.4,1
LB,Justin Durant,32,2007,52,61,81,70,60,78,0.6,1
WR,Geoff Swaim,24,2015,90,52,64,60,68,60,0.4,2
OL,Chaz Green,25,2015,81,60,67,61,60,61,0.6,2
OL,La'el Collins,24,2015,66,60,81,81,63,60,4.1,3
RB,Rod Smith,25,2015,70,50,78,65,75,74,0.4,2
END_PLAYERS
######################################################################  RAIDERS
Oakland Raiders,OAK
RB,Orleans Darkwa,25,2014,61,64,78,75,85,83,0.7,1
DL,Kerry Wynn,26,2014,69,45,73,75,71,70,1.1,1
RB,Shane Vereen,28,2011,52,65,78,65,81,76,3.3,1
LB,J. T. Thomas,29,2011,87,56,73,64,60,71,2.4,1
OL,John Jerry,31,2010,70,70,60,81,62,60,2.6,3
WR,Brandon Marshall,33,2006,72,71,90,73,75,80,4.1,2
CB,Dominique R-Cromartie,31,2008,77,87,68,98,90,37,5.6,2
WR,Dwayne Harris,30,2011,83,58,85,65,78,81,2.7,3
WR,Odell Beckham Jr.,25,2014,81,93,85,83,93,83,3.3,2
DL,Jay Bromley,25,2014,96,56,73,73,67,71,0.6,1
LB,Mark Herzlich,30,2011,62,60,78,63,63,67,0.6,1
QB,Geno Smith,27,2013,98,50,78,87,63,55,0.8,1
S,Landon Collins,23,2015,95,88,81,88,81,92,1.4,2
OL,D. J. Fluker,26,2013,67,60,78,87,60,59,2.8,1
OL,Justin Pugh,27,2013,80,75,78,81,70,60,2.8,1
LB,Devon Kennard,26,2014,80,63,70,75,68,73,0.6,1
S,Nat Berhe,26,2014,60,45,78,74,78,60,0.4,1
DL,Corbin Bryant,29,2011,60,52,70,75,70,68,0.5,1
LB,Deontae Skinner,27,2014,75,45,75,62,58,66,0.4,1
CB,Ross Cockrell,26,2014,79,61,83,88,85,43,1.1,1
LB,Curtis Grant,25,2015,78,40,67,62,63,67,0.3,2
LB,Jonathan Casillas,30,2009,70,64,61,68,60,80,2.1,1
DL,Olivier Vernon,27,2012,63,78,87,70,73,81,10.7,4
LB,Keenan Robinson,28,2012,86,61,71,68,67,81,1.9,1
RB,Rhett Ellison,29,2012,67,62,64,56,67,55,3.6,4
DL,Devin Taylor,28,2013,71,56,73,60,60,73,0.5,1
WR,Tavarres King,27,2013,79,45,73,62,83,76,0.4,1
OL,Weston Richburg,26,2014,83,83,85,83,63,60,1.1,1
DL,Jason Pierre-Paul,28,2010,61,78,78,73,85,92,12.8,4
QB,Eli Manning,36,2004,44,75,99,85,70,37,18.2,3
OL,Zak DeOssie,33,2007,56,63,83,58,40,54,0.7,2
DL,Damon Harrison,29,2012,90,95,73,90,95,74,6.8,4
K,Brad Wing,26,2014,89,45,70,87,68,45,1.4,3
OL,Bobby Hart,23,2015,77,63,73,71,61,59,0.4,2
OL,Ereck Flowers,23,2015,97,60,75,85,60,60,3.6,2
CB,Janoris Jenkins,29,2012,69,83,87,96,87,60,8.1,4
WR,Matt LaCosse,25,2015,69,40,73,60,68,59,0.3,1
OL,Brett Jones,26,2015,84,45,70,71,60,62,0.3,1
RB,LeGarrette Blount,31,2010,47,97,81,85,78,86,0.9,1
WR,Torrey Smith,28,2011,65,63,87,70,85,73,3.1,3
OL,Stefen Wisniewski,28,2011,80,61,88,73,64,63,2,3
OL,Jason Kelce,30,2011,89,75,68,73,#N/A,61,4.7,4
OL,Taylor Hart,26,2014,66,45,81,61,64,60,0.4,1
OL,Rick Lovato,25,2015,83,40,78,59,40,56,0.3,1
WR,Zach Ertz,27,2013,70,95,78,90,65,70,6.3,5
S,Rodney McLeod,27,2012,66,67,81,86,73,70,5.4,4
LB,Jordan Hicks,25,2015,76,75,67,73,71,86,0.6,2
CB,Ronald Darby,23,2015,67,67,67,94,90,53,1,2
OL,Lane Johnson,27,2013,74,85,85,81,81,75,8.3,4
OL,Chance Warmack,26,2013,66,59,87,88,61,61,0.6,2
K,Donnie Jones,37,2004,70,45,67,73,67,45,0.9,2
DL,Chris Long,32,2008,50,62,83,75,68,76,1.4,2
DL,Beau Allen,26,2014,87,61,78,81,78,63,0.4,1
S,Corey Graham,32,2007,58,62,83,80,78,80,1.3,1
S,Jaylen Watkins,26,2014,78,57,83,78,87,55,0.4,1
END_PLAYERS
######################################################################  CHARGERS
Los Angeles Chargers,LAC
CB,Patrick Robinson,30,2010,73,68,71,86,81,44,0.5,1
S,Malcolm Jenkins,30,2009,60,68,95,88,75,78,6.4,3
OL,Brandon Brooks,28,2012,77,75,70,95,70,75,6.4,4
QB,Nick Foles,28,2012,73,58,71,85,62,37,3.3,2
LB,Nigel Bradham,28,2012,60,78,90,71,65,88,2.8,1
LB,Najee Goode,28,2012,79,45,73,60,60,70,0.6,1
RB,Jay Ajayi,24,2015,66,78,67,83,81,94,0.4,2
DL,Steven Means,27,2013,87,45,65,56,60,76,0.6,2
RB,Kenjon Barner,27,2013,66,40,83,61,88,80,0.4,1
CB,Dexter McDougle,26,2014,90,40,64,76,87,40,0.4,2
DL,Timmy Jernigan,25,2014,70,75,71,75,75,78,6.1,5
WR,Nelson Agholor,24,2015,90,63,75,68,87,78,2.3,2
DL,Brandon Graham,29,2010,63,83,78,75,83,90,4.7,2
OL,Jason Peters,35,2004,73,95,83,95,75,81,8.1,3
WR,Brent Celek,32,2007,63,75,78,73,60,62,3.3,2
RB,Trey Burton,26,2014,73,61,88,60,75,78,1.7,1
DL,Fletcher Cox,27,2012,77,73,81,83,88,88,14.1,6
WR,Alshon Jeffery,27,2012,69,75,85,83,83,73,10.8,1
LB,Mychal Kendricks,27,2012,74,63,73,71,68,83,5.5,3
DL,Vinny Curry,29,2012,74,60,75,67,67,78,7.2,4
K,Tress Way,27,2014,89,45,70,100,71,45,1.1,4
QB,Colt McCoy,31,2010,72,58,88,67,61,46,2.3,2
OL,Shawn Lauvao,30,2010,87,65,78,75,62,60,3.3,1
LB,Mason Foster,28,2011,87,73,81,73,67,71,0.9,1
LB,Preston Smith,25,2015,85,60,73,65,68,73,1.3,2
WR,Jordan Reed,27,2013,83,93,70,93,75,81,8.3,4
DL,Ziggy Hood,30,2009,73,60,68,81,70,70,0.9,2
DL,Stacy McGee,27,2013,89,61,65,75,71,66,3.6,5
DL,Arthur Jones,31,2010,59,63,75,85,78,71,0.6,1
OL,Nick Sundberg,30,2009,69,45,64,56,56,45,0.8,4
OL,Trent Williams,29,2010,79,95,83,95,85,81,9.6,4
LB,Martrell Spaight,24,2015,79,60,71,73,70,74,0.4,2
LB,Ryan Kerrigan,29,2011,86,83,88,70,75,73,9.2,4
DL,Phil Taylor,29,2011,89,54,62,81,78,71,0.5,1
RB,Niles Paul,28,2011,80,56,71,57,81,67,1.5,1
DL,Terrell McClain,29,2011,65,62,62,83,78,67,4.1,4
LB,Chris Carter,28,2011,82,56,73,61,58,66,0.6,1
WR,Ryan Grant,27,2014,82,62,71,68,81,66,0.4,1
OL,Ty Nsekhe,32,2012,62,62,65,71,70,62,0.4,1
LB,Trent Murphy,27,2014,83,65,81,64,70,74,0.9,1
CB,Bashaud Breeland,25,2014,82,63,73,86,78,53,0.7,1
S,Deshazor Everett,25,2015,78,54,73,80,78,47,0.3,1
S,DeAngelo Hall,34,2004,43,70,71,88,81,62,3.6,1
S,D. J. Swearinger,26,2013,89,70,87,83,70,57,3.6,3
WR,Terrelle Pryor Sr.,28,2011,90,70,81,73,87,74,5.6,1
LB,Junior Galette,29,2010,81,67,65,63,63,71,0.5,1
QB,Kirk Cousins,29,2012,83,71,85,88,73,40,15,1
CB,Josh Norman,30,2012,75,95,93,94,81,60,11.3,4
RB,Chris Thompson,27,2013,88,75,58,67,87,76,1.7,1
OL,Spencer Long,27,2014,83,73,64,81,61,63,0.7,1
WR,Jamison Crowder,24,2015,73,71,83,78,87,74,0.5,2
WR,Vernon Davis,33,2006,52,71,78,70,78,71,4,3
OL,Morgan Moses,26,2014,73,75,71,83,81,60,5.4,6
LB,Will Compton,28,2013,71,60,81,68,64,76,1.1,1
OL,Brandon Scherff,26,2015,78,88,81,88,83,60,5.5,2
END_PLAYERS
######################################################################  BEARS
Chicago Bears,CHI
OL,T. J. Clemmings,26,2015,88,59,81,73,60,58,0.5,2
WR,Brian Quick,28,2012,68,60,75,73,78,76,0.6,1
LB,Zach Brown,28,2012,87,81,70,78,63,90,1.8,1
CB,Quinton Dunbar,25,2015,79,54,75,80,87,40,0.3,1
OL,Alex Mack,32,2009,70,99,93,87,#N/A,81,7.1,4
DL,Ahtyba Rubin,31,2008,83,61,78,88,83,67,0.6,1
WR,Andre Roberts,29,2010,78,64,81,64,83,76,1.4,1
DL,Grady Jarrett,24,2015,78,71,65,83,81,74,0.4,2
LB,Vic Beasley Jr.,25,2015,75,70,71,63,70,90,3.6,2
WR,Julio Jones,28,2011,70,105,88,100,93,96,10.4,4
QB,Matt Schaub,36,2004,41,71,73,68,61,37,3.6,2
RB,Derrick Coleman,27,2012,66,54,75,65,81,68,0.4,1
S,Kemal Ishmael,26,2013,90,60,73,45,45,35,1.6,1
CB,Desmond Trufant,27,2013,81,75,78,96,88,71,9.9,6
DL,Derrick Shelby,28,2012,65,59,71,68,67,76,3.6,3
OL,Josh Harris,28,2012,64,45,83,45,45,50,0.6,2
OL,Austin Pasztor,27,2012,60,60,73,70,62,68,0.5,1
CB,Jalen Collins,24,2015,97,61,68,88,85,46,1.2,2
DL,Adrian Clayborn,29,2011,71,64,71,71,70,78,3.4,1
DL,Brooks Reed,30,2011,53,64,81,61,68,86,3.3,3
S,Ricardo Allen,26,2014,85,67,87,90,83,62,0.4,1
OL,Andy Levitre,31,2009,80,81,88,81,81,63,4.9,2
OL,Ben Garland,29,2010,83,45,83,68,67,61,0.4,1
LB,LaRoy Reynolds,27,2013,83,45,71,63,68,71,1,1
OL,Ryan Schraeder,29,2013,70,81,81,78,83,73,4.8,5
WR,Nick Williams,27,2013,87,60,78,67,75,67,0.4,1
CB,Robert Alford,29,2013,66,62,70,94,90,40,7.2,4
CB,Blidi Wreh-Wilson,28,2013,66,52,70,81,81,43,0.5,1
WR,Mohamed Sanu,28,2012,84,78,87,90,81,78,4.9,4
WR,Levine Toilolo,26,2013,87,64,65,63,61,53,3.1,3
RB,Tevin Coleman,24,2015,71,70,73,81,93,92,0.6,2
WR,Justin Hardy,26,2015,80,56,83,71,78,80,0.5,2
K,Matt Bosher,30,2011,60,56,81,88,81,56,1.9,3
LB,Sean Weatherspoon,30,2010,75,54,73,62,63,76,0.6,1
K,Matt Bryant,42,2002,46,57,60,97,97,57,2,1
QB,Matt Ryan,32,2008,67,90,97,93,87,40,16.5,2
OL,Jake Matthews,25,2014,82,70,93,75,78,61,5.2,2
RB,Devonta Freeman,25,2014,60,81,87,87,88,98,6.4,6
WR,Taylor Gabriel,26,2014,72,71,64,75,95,71,1.7,1
OL,Ty Sambrailo,25,2015,68,59,73,64,71,59,0.8,2
DL,Dontari Poe,27,2012,71,65,88,95,88,81,5.3,1
DL,Courtney Upshaw,28,2012,70,58,90,67,70,78,0.8,1
RB,Terron Ward,25,2015,84,54,78,70,78,83,0.4,1
S,Mike Adams,36,2004,72,81,71,81,68,67,1.5,2
QB,Cam Newton,28,2011,79,81,99,99,65,88,15.8,4
LB,Andrew Gachkar,29,2011,65,58,70,70,61,70,0.5,1
QB,Derek Anderson,34,2005,53,60,87,87,60,37,1.9,1
OL,Trai Turner,24,2014,68,78,78,81,85,64,7.7,5
WR,Ed Dickson,30,2010,72,68,78,63,70,65,1.7,1
DL,Kawann Short,28,2013,72,83,71,78,81,78,12.6,5
LB,David Mayo,24,2015,94,45,67,73,68,68,0.4,2
LB,Shaq Thompson,23,2015,87,64,83,78,68,81,2.1,2
S,Colin Jones,30,2011,60,45,68,78,85,62,0.8,2
OL,Greg Van Roten,27,2012,81,45,75,71,67,61,0.4,1
LB,Ben Jacobs,29,2011,83,54,83,63,60,67,0.5,1
END_PLAYERS
######################################################################  LIONS
Detroit Lions,DET
DL,Star Lotulelei,28,2013,90,63,81,97,90,74,2.9,1
QB,Garrett Gilbert,26,2014,85,35,71,73,58,40,0.3,1
DL,Mario Addison,30,2011,59,75,73,61,64,78,6.4,3
CB,Captain Munnerlyn,29,2009,61,60,75,83,83,53,3.7,4
LB,Thomas Davis,34,2005,50,81,85,85,70,83,8.4,2
OL,Ryan Kalil,32,2007,62,85,85,83,68,61,7.1,1
DL,Charles Johnson,31,2007,58,75,75,68,67,76,2.5,2
RB,Jonathan Stewart,30,2008,58,81,73,85,75,94,2.5,2
DL,Kyle Love,31,2010,65,64,65,73,71,65,0.8,2
DL,Julius Peppers,37,2002,63,71,83,68,70,83,3.2,1
WR,Greg Olsen,32,2007,67,99,88,99,73,71,7.2,2
S,Jairus Byrd,31,2009,63,58,83,83,71,70,0.6,1
RB,Fozzy Whittaker,28,2012,61,59,68,60,81,73,0.8,2
DL,Wes Horton,27,2013,90,60,65,61,60,73,0.8,2
WR,Russell Shepard,27,2013,82,60,78,67,85,76,2.5,3
CB,Ladarius Gunter,25,2015,74,54,75,78,81,60,0.3,1
K,Graham Gano,30,2009,61,40,65,99,73,40,2.4,1
OL,Matt Kalil,28,2012,73,63,85,83,60,60,8.4,5
RB,Cameron Artis-Payne,27,2015,77,35,78,73,81,76,0.4,2
WR,Devin Funchess,23,2015,94,60,75,70,83,80,1.2,2
WR,Kaelin Clay,25,2015,74,40,67,60,87,67,0.3,1
S,Kurt Coleman,29,2010,69,71,78,81,73,63,3.7,2
OL,J. J. Jansen,31,2008,80,61,73,58,40,50,0.8,4
WR,Brenton Bersin,27,2012,90,59,75,68,73,68,0.4,1
OL,Andrew Norwell,26,2014,95,83,81,78,67,81,1.7,1
OL,Daryl Williams,25,2015,95,60,73,78,68,64,0.5,2
LB,Luke Kuechly,26,2012,98,97,97,99,87,94,10.4,5
OL,Amini Silatolu,29,2012,61,56,78,78,62,60,0.6,1
WR,Chris Manhertz,25,2014,67,45,73,60,63,65,0.3,1
WR,Brandon Coleman,25,2014,73,62,70,71,78,71,0.3,1
RB,Mark Ingram,28,2011,83,81,83,81,78,88,3.1,2
DL,Tyeler Davison,25,2015,90,61,67,87,73,67,0.4,2
LB,Hau'oli Kikaha,25,2015,66,60,64,60,62,73,1.1,2
DL,Alex Okafor,26,2013,81,63,88,61,61,71,1.9,1
LB,Michael Mauti,27,2013,88,59,65,75,71,66,0.5,1
LB,Manti Te'o,26,2013,85,65,81,75,64,74,1.8,2
OL,Bryce Harris,28,2012,81,45,75,68,70,60,0.5,1
CB,P. J. Williams,24,2015,78,45,81,80,85,66,0.6,2
DL,Cameron Jordan,28,2011,73,85,88,87,88,88,8.9,4
DL,Nick Fairley,29,2011,87,64,81,81,78,76,5.6,4
S,Kenny Vaccaro,26,2013,73,67,90,86,73,74,2.7,1
WR,Michael Hoomanawanui,29,2010,75,63,68,64,62,46,1.2,2
RB,Zach Line,27,2013,83,40,85,67,70,68,0.5,1
S,Chris Banjo,27,2013,77,45,71,80,81,53,1,2
WR,Josh Hill,27,2013,88,60,68,67,70,66,2,2
OL,Larry Warford,26,2013,92,65,88,83,61,67,6.6,4
QB,Drew Brees,38,2001,51,105,97,85,88,37,7.6,1
OL,Zach Strief,34,2006,70,83,83,83,73,60,3.2,2
QB,Chase Daniel,31,2009,73,57,90,73,61,40,0.6,1
K,Thomas Morstead,31,2009,68,54,83,93,93,54,2.7,2
OL,Terron Armstead,26,2013,80,83,70,81,64,83,9.5,5
OL,Max Unger,31,2009,72,93,85,78,60,60,5.5,3
DL,John Hughes III,29,2012,87,57,70,73,73,68,0.5,1
OL,Senio Kelemete,27,2012,79,60,73,75,60,63,0.9,1
LB,Gerald Hodges Jr.,26,2013,89,64,81,81,67,74,0.5,1
END_PLAYERS
######################################################################  PACKERS
Green Bay Packers,GB
LB,A. J. Klein,26,2013,82,61,87,71,62,71,4.4,4
LB,Craig Robertson,29,2011,79,63,75,75,64,71,1.3,2
S,Rafael Bush,30,2010,64,62,70,81,78,59,0.6,1
WR,Ted Ginn Jr.,32,2007,45,70,67,63,90,76,2.9,3
OL,Andrus Peat,24,2015,70,63,67,75,67,59,2.8,2
WR,Coby Fleener,29,2012,77,68,71,71,78,71,4.8,4
OL,Josh LeRibeus,28,2012,66,56,78,81,60,62,0.5,1
K,Patrick Murray,26,2014,93,35,63,88,73,35,0.3,1
DL,Robert Ayers,32,2009,71,70,68,63,65,76,4.1,2
S,T. J. Ward,31,2010,54,67,90,81,78,73,4.3,1
DL,Gerald McCoy,29,2010,63,81,75,88,88,83,10.2,5
DL,Chris Baker,30,2009,81,73,67,85,78,73,3.3,3
S,Chris Conte,28,2011,90,67,78,80,75,53,1.6,2
DL,Ryan Russell,25,2015,96,50,62,63,60,76,0.4,1
RB,Luke Stocker,29,2011,72,59,81,57,67,59,1,1
RB,Jacquizz Rodgers,27,2011,69,63,78,83,78,90,1,2
DL,Will Clarke,26,2014,65,45,73,61,63,76,0.4,1
WR,Mike Evans,24,2014,92,97,87,81,81,80,4.9,2
LB,Cameron Lynch,24,2015,67,40,81,61,65,67,0.4,1
S,Keith Tandy,28,2012,68,61,87,83,78,63,0.6,1
OL,J. R. Sweezy,28,2012,90,63,70,71,60,64,3.8,4
LB,Kwon Alexander,23,2015,86,71,73,67,68,83,0.5,2
RB,Charles Sims III,27,2014,73,67,75,68,83,78,0.6,1
OL,Kevin Pamphile,27,2014,62,60,71,68,61,60,0.6,1
CB,Robert McClain,29,2010,84,58,71,81,78,43,0.5,1
DL,Sealver Siliga,27,2011,71,59,68,81,83,67,0.8,1
DL,Clinton McDonald,30,2009,72,60,71,81,75,73,1.9,1
QB,Ryan Fitzpatrick,35,2005,52,56,75,78,61,43,1.9,1
OL,Garrison Sanborn,32,2009,64,45,71,62,54,45,0.6,1
QB,Ryan Griffin,28,2013,73,40,73,71,61,37,0.6,2
DL,William Gholston,26,2013,72,65,68,62,67,76,3.4,5
WR,Cameron Brate,26,2014,84,71,73,78,65,60,0.4,1
LB,Adarius Glanton,27,2014,83,52,73,64,65,73,0.4,1
QB,Jameis Winston,23,2015,78,65,97,95,65,71,6.6,2
OL,Evan Smith,31,2009,73,63,71,73,63,62,2.2,1
DL,Darryl Tapp,33,2006,75,60,78,58,60,74,0.6,1
WR,DeSean Jackson,31,2008,63,83,71,85,93,81,7,3
OL,Joe Hawley,29,2010,77,71,81,83,63,61,1.8,2
CB,Brent Grimes,34,2006,50,85,73,94,78,44,4.2,1
OL,Demar Dotson,32,2009,50,70,78,75,81,83,2.6,3
OL,Ali Marpet,24,2015,80,78,75,81,68,62,0.7,2
OL,Donovan Smith,24,2015,89,63,68,81,60,60,1.4,2
RB,Doug Martin,28,2012,82,70,83,88,81,96,4.5,4
LB,Lavonte David,27,2012,83,81,95,83,68,90,6.3,4
S,Josh Robinson,26,2012,88,56,71,86,88,40,1.6,2
K,Bryan Anger,29,2012,70,57,85,95,93,57,2.1,5
WR,Adam Humphries,24,2015,88,75,68,81,81,67,0.4,1
WR,Freddie Martino,26,2014,66,40,71,63,83,73,0.4,1
WR,Bernard Reedy,26,2014,87,45,71,65,81,67,0.3,1
OL,John Wetzel,26,2013,74,52,70,75,65,58,0.3,1
K,Phil Dawson,42,1998,45,45,63,88,83,45,2.2,2
QB,Blaine Gabbert,28,2011,86,60,83,81,60,45,0.6,1
CB,Patrick Peterson,27,2011,68,81,90,100,88,47,10.7,4
LB,Karlos Dansby,36,2004,65,67,81,83,81,68,1.7,1
DL,Rodney Gunter,25,2015,79,54,67,60,65,73,0.5,2
END_PLAYERS
######################################################################  VIKINGS
Minnesota Vikings,MIN
LB,Markus Golden,26,2015,92,73,75,64,60,73,0.8,2
WR,Larry Fitzgerald,34,2004,44,99,97,99,71,73,11.5,1
WR,Brittan Golden,29,2012,80,54,71,63,81,67,0.4,1
RB,Kerwynn Williams,26,2013,71,59,75,67,83,80,0.3,1
DL,Xavier Williams,25,2015,98,54,75,70,65,66,0.3,1
LB,Josh Bynes,28,2011,63,64,71,73,68,68,0.5,1
CB,Justin Bethel,27,2012,82,59,78,90,78,55,2.3,1
S,Antoine Bethea,33,2006,48,65,75,81,75,71,3.1,3
OL,Jared Veldheer,30,2010,89,68,81,99,61,59,5.3,2
S,Tyvon Branch,31,2008,59,73,78,90,85,71,2.2,1
LB,Kareem Martin,25,2014,93,45,71,67,68,68,0.5,1
LB,Deone Bucannon,25,2014,83,70,85,71,67,86,2.7,2
CB,Tramon Williams,34,2006,56,60,85,83,71,40,1.6,1
WR,Jermaine Gresham,29,2010,87,64,81,75,67,74,5.5,4
QB,Carson Palmer,38,2003,66,75,88,87,67,37,15.8,2
DL,Frostee Rucker,34,2006,56,68,71,65,71,74,0.7,1
OL,Justin Drescher,29,2010,64,60,75,60,40,56,0.6,1
WR,Jaron Brown,27,2013,84,64,71,81,87,76,0.8,1
DL,Olsen Pierre,26,2015,86,45,68,64,67,70,0.3,1
S,Tyrann Mathieu,25,2013,80,73,73,92,85,71,9.8,5
OL,Earl Watford,27,2013,67,61,85,73,60,57,0.5,1
RB,Adrian Peterson,32,2007,60,71,85,75,85,94,1.3,2
DL,Josh Mauro,26,2014,83,60,85,73,70,68,2.1,2
RB,David Johnson,26,2015,77,85,87,88,88,100,0.6,2
OL,A. Q. Shipley,31,2009,79,75,81,78,61,59,1.3,2
RB,Andre Ellington,28,2013,80,60,68,60,85,71,0.6,1
WR,J. J. Nelson,25,2015,72,63,62,71,97,67,0.4,2
DL,Corey Peters,29,2010,70,75,68,81,81,74,2.3,1
OL,Mike Iupati,30,2010,67,64,83,88,78,59,5.8,3
K,Andy Lee,35,2004,46,45,67,97,71,45,2.4,2
OL,Alex Boone,30,2009,84,62,71,85,61,62,0.6,1
QB,Drew Stanton,33,2007,77,60,75,83,61,37,2.7,1
WR,Troy Niklas,25,2014,80,40,73,63,62,63,0.8,1
WR,John Brown,27,2014,65,67,68,81,93,80,0.7,1
OL,D. J. Humphries,24,2015,97,54,75,81,68,60,2.1,2
LB,Chandler Jones,27,2012,89,85,78,71,71,83,12.2,5
OL,Cornelius Lucas,26,2014,81,57,65,60,63,60,0.4,1
DL,Ethan Westbrooks,27,2014,83,61,68,68,64,70,1.1,1
CB,Kayvon Webster,26,2013,75,61,87,86,85,67,2.4,2
LB,Connor Barwin,31,2009,61,62,87,64,67,80,2.2,1
S,Lamarcus Joyner,27,2014,82,70,81,88,81,63,1.1,1
K,Johnny Hekker,27,2012,86,57,73,99,97,57,2,4
RB,Lance Dunbar,27,2012,71,60,64,63,87,80,0.9,1
OL,Darrell Williams,24,2015,93,40,70,60,63,63,0.3,1
LB,Alec Ogletree,26,2013,84,65,78,75,65,81,2.5,1
WR,Robert Woods,25,2013,86,67,85,75,87,73,4.3,5
OL,Jake McQuaide,30,2011,79,45,68,59,40,45,0.6,1
K,Greg Zuerlein,30,2012,73,45,70,95,83,45,1.6,3
LB,Bryce Hager,25,2015,88,45,70,70,68,71,0.4,2
LB,Robert Quinn,27,2011,70,70,78,65,73,80,7.7,3
WR,Tavon Austin,26,2013,99,62,78,62,95,78,6.4,5
OL,Rodger Saffold,29,2010,71,65,65,71,75,59,4.5,2
DL,Aaron Donald,26,2014,68,85,88,95,93,94,3,2
OL,Andrew Whitworth,36,2006,54,95,85,93,78,73,8.1,3
WR,Derek Carrier,27,2012,86,57,70,62,78,70,0.6,1
END_PLAYERS
######################################################################  COWBOYS
Dallas Cowboys,DAL
CB,Nickell Robey,25,2013,80,68,78,94,83,37,0.6,1
S,Cody Davis,28,2013,60,54,71,86,85,67,0.9,1
WR,Sammy Watkins,24,2014,93,64,83,75,88,90,5.1,1
CB,Troy Hill,26,2015,84,45,78,81,78,40,0.4,1
LB,Matt Longacre,26,2015,78,50,75,60,60,70,0.4,1
OL,John Sullivan,32,2008,64,70,88,75,63,60,0.7,1
QB,Sean Mannion,25,2015,77,40,78,81,60,37,0.6,2
RB,Todd Gurley,23,2015,82,85,75,83,88,96,3.5,2
LB,Mark Barron,28,2012,86,63,75,70,64,80,6.3,4
DL,Dominique Easley,25,2014,73,64,62,70,70,73,1.1,1
DL,Tyrunn Walker,27,2012,79,50,65,68,65,68,0.5,1
OL,Andrew Donnal,25,2015,72,52,71,62,62,60,0.5,2
OL,Jamon Brown,24,2015,97,60,68,78,70,58,0.6,2
OL,Rob Havenstein,25,2015,86,73,73,71,81,60,0.8,2
DL,Michael Brockers,27,2012,62,75,81,78,83,81,7.2,3
CB,Trumaine Johnson,27,2012,60,73,70,90,81,63,10.5,1
RB,Malcolm Brown,24,2015,98,40,73,65,83,71,0.3,1
DL,Michael Bennett,32,2009,44,71,81,85,88,88,7.1,4
LB,K. J. Wright,28,2011,69,75,85,88,68,74,5,2
DL,Frank Clark,24,2015,81,63,65,81,63,73,0.7,2
K,Jon Ryan,36,2006,49,45,68,83,68,45,1.9,3
OL,Duane Brown,32,2008,54,88,85,85,81,75,5.6,2
LB,Marcus Smith II,25,2014,76,56,73,61,62,71,0.4,1
QB,Austin Davis,28,2012,60,50,78,73,62,45,0.6,1
CB,DeShawn Shead,29,2012,81,68,73,86,78,68,0.8,1
CB,Jeremy Lane,27,2012,78,61,73,88,81,44,4.4,3
K,Blair Walsh,27,2012,66,40,75,93,63,40,0.7,1
LB,D. J. Alexander,26,2015,69,45,64,63,60,74,0.4,2
CB,Richard Sherman,29,2011,85,87,97,100,81,62,10.5,2
DL,Dwight Freeney,37,2002,63,61,65,60,60,74,0.6,1
OL,Luke Joeckel,26,2013,91,59,75,78,61,60,7.2,1
DL,Dion Jordan,27,2013,80,45,67,50,60,90,0.4,1
DL,Sheldon Richardson,27,2013,67,63,75,81,88,88,3.2,1
OL,Matt Tobin,27,2013,86,52,73,64,62,60,0.5,1
LB,Terence Garvin,26,2013,82,45,75,63,60,68,0.6,1
S,Brad McDougald,27,2013,61,67,75,83,81,68,1.6,1
CB,Justin Coleman,24,2015,99,58,75,83,81,43,0.4,1
RB,Eddie Lacy,27,2013,67,62,85,75,75,83,3.6,1
WR,Jimmy Graham,31,2010,50,75,75,75,73,74,6.3,1
S,Earl Thomas III,28,2010,84,87,87,96,87,74,6.9,2
S,Kam Chancellor,29,2010,65,87,93,92,78,88,8.4,4
QB,Russell Wilson,29,2012,61,83,99,90,73,73,14.8,3
LB,Michael Wilhoite,31,2011,76,61,78,70,64,76,1.3,1
OL,Oday Aboushi,26,2013,85,63,85,63,60,60,0.7,1
WR,Doug Baldwin,29,2011,75,95,81,93,85,71,6.6,4
WR,Luke Willson,27,2013,87,60,68,68,78,67,1.6,1
OL,Justin Britt,26,2014,84,85,71,78,71,61,5.2,4
WR,Paul Richardson,25,2014,83,64,70,73,93,73,1,1
WR,Tyler Lockett,25,2015,85,64,70,75,90,78,0.6,2
CB,Neiko Thorpe,27,2012,89,40,78,76,85,43,1.3,2
DL,Cliff Avril,31,2008,53,78,83,61,61,80,4.7,2
OL,Mark Glowinski,25,2015,84,56,83,87,60,57,0.5,2
LB,Bobby Wagner,27,2012,79,90,85,99,78,94,8,3
RB,Thomas Rawls,24,2015,81,75,71,85,85,90,0.3,1
DL,Garrison Smith,26,2014,63,40,75,75,70,66,0.3,1
END_PLAYERS
######################################################################  GIANTS
New York Giants,NYG
LB,Brock Coyle,27,2014,82,56,85,64,65,76,1.2,1
DL,Elvis Dumervil,33,2006,67,64,73,63,64,76,2.8,2
LB,Dekoda Watson,29,2010,86,45,65,60,57,74,1.3,3
LB,Malcolm Smith,28,2011,77,67,70,68,64,81,4.2,5
DL,Tony McDaniel,32,2006,71,64,64,81,81,66,0.6,1
OL,Daniel Kilgore,30,2011,67,64,75,83,60,60,1.1,1
LB,Eli Harold,23,2015,78,50,75,62,64,74,0.6,2
WR,Aldrick Robinson,29,2011,79,60,70,64,88,71,1.3,2
OL,Brandon Fusco,29,2011,71,60,65,83,75,60,0.9,1
DL,Earl Mitchell,30,2010,82,58,70,65,67,78,3,4
QB,Jimmy Garoppolo,26,2014,83,60,88,85,67,43,0.7,1
S,Jimmie Ward,26,2014,61,63,85,88,85,67,2.5,2
WR,Garrett Celek,29,2012,61,50,65,63,65,63,2,3
DL,Datone Jones,27,2013,78,61,71,67,63,73,0.5,1
DL,Tank Carradine,27,2013,66,64,68,85,78,83,2.4,1
OL,Kyle Nelson,31,2011,77,50,71,54,40,45,0.7,2
S,Jaquiski Tartt,25,2015,92,67,83,83,83,59,1.1,2
WR,Pierre Garcon,31,2008,51,95,78,95,83,76,7.4,5
S,Eric Reid,26,2013,76,63,78,88,81,60,2.5,1
DL,Aaron Lynch,24,2014,70,60,67,61,64,80,0.6,1
K,Robbie Gould,36,2005,59,40,65,93,73,40,1.4,2
CB,Leon Hall,33,2007,63,56,83,76,78,60,0.6,1
OL,Zane Beadles,31,2010,51,62,85,70,60,56,2.6,2
LB,Ray-Ray Armstrong,26,2013,92,60,71,67,60,74,1.1,2
K,Bradley Pinion,23,2015,73,40,67,87,61,40,0.4,2
WR,Marquise Goodwin,27,2013,84,63,68,67,95,67,2.7,2
RB,Kyle Juszczyk,26,2013,90,73,87,65,68,73,4.1,4
CB,Dontae Johnson,26,2014,63,56,78,83,87,40,0.5,1
RB,Carlos Hyde,26,2014,80,73,78,78,83,94,0.7,1
OL,Joe Staley,33,2007,77,93,85,88,71,63,5,3
DL,Leger Douzable,31,2008,77,64,67,70,73,68,0.6,1
CB,K'Waun Williams,26,2014,61,52,78,81,81,44,0.4,1
OL,Laken Tomlinson,25,2015,97,60,75,78,61,60,2,2
OL,Trent Brown,24,2015,67,78,65,87,67,81,0.4,2
DL,Arik Armstead,24,2015,95,62,68,73,78,78,2.4,2
RB,Raheem Mostert,25,2015,62,45,75,58,90,73,0.4,1
K,Cairo Santos,26,2014,96,45,71,95,81,45,0,0
DL,Anthony Johnson,24,2014,71,40,71,63,67,70,0,0
S,L. J. McCray II,26,2014,71,35,71,74,81,59,0,0
K,Travis Coons,25,2014,87,40,75,78,68,40,0,0
CB,Sammy Seamster,26,2014,66,35,78,74,88,43,0,0
RB,Fitzgerald Toussaint,27,2014,81,45,81,67,81,73,0,0
K,Swayze Waters,30,2010,62,35,67,88,62,35,0,0
K,Dan Carpenter,32,2008,64,40,64,97,63,40,0,0
DL,Gabe Wright,25,2015,87,50,68,83,65,60,0,0
DL,Marcus Hardison,25,2015,80,35,67,68,67,73,0,0
DL,Darius Kilgo,26,2015,60,40,68,88,75,70,0,0
DL,Deon Simon,27,2015,61,45,60,90,78,62,0,0
DL,Christian Ringo,25,2015,95,40,63,65,63,70,0,0
LB,Deiontrez Mount,24,2015,87,40,75,64,67,67,0,0
S,Dezmen Southward,27,2014,90,40,85,81,88,60,0,0
OL,Kadeem Edwards,26,2014,82,35,73,75,73,61,0,0
K,Drew Butler,28,2012,64,40,70,73,60,40,0,0
QB,Trevone Boykin,24,2016,93,35,78,90,57,73,0,0
WR,Cobi Hamilton,27,2013,62,50,81,65,78,71,0,0
END_PLAYERS
######################################################################  EAGLES
Philadelphia Eagles,PHI
DL,Kapron Lewis-Moore,27,2013,63,40,62,73,75,68,0,0
S,Daimion Stafford,26,2013,62,50,81,74,75,71,0,0
LB,Carlos Thompson,25,2015,71,45,83,59,60,70,0,0
LB,Neville Hewitt,24,2015,80,52,73,62,60,73,0,0
LB,Gabe Martin,25,2015,75,40,75,67,65,68,0,0
LB,Jonathan Anderson,26,2015,67,52,81,63,65,76,0,0
LB,Thurston Armbrister,25,2015,81,40,68,60,60,68,0,0
OL,Dillon Day,26,2015,94,35,61,65,67,61,0,0
OL,Chad Slade,25,2015,87,40,71,68,67,60,0,0
OL,Michael Liedtke,25,2015,71,35,71,75,67,59,0,0
OL,Blaine Clausell,25,2015,69,40,81,78,63,60,0,0
OL,Brett Boyko,25,2015,83,35,73,62,62,61,0,0
OL,De'Ondre Wesley,25,2015,75,35,78,70,67,60,0,0
OL,Sean Hickey,26,2015,69,35,73,105,100,67,0,0
K,Andrew Franks,24,2015,76,40,67,90,71,40,0,0
K,Matt Wile,25,2015,73,35,59,85,62,35,0,0
K,Matt Darr,25,2015,93,45,65,87,70,45,0,0
K,Will Johnson,24,2015,75,35,67,83,71,35,0,0
OL,Isaiah Battle,24,2015,74,40,83,62,60,64,0,0
CB,Doran Grant,25,2015,98,35,83,71,85,45,0,0
CB,Craig Mager,25,2015,98,40,83,78,87,57,0,0
CB,Tevin Mitchel,25,2015,91,40,63,74,87,37,0,0
S,Ryan Murphy,25,2015,82,45,78,78,85,68,0,0
K,Tim Masthay,30,2010,62,40,71,78,61,40,0,0
DL,Joe Vellano,29,2013,68,54,81,73,70,62,0,0
S,Akeem King,25,2015,90,35,73,71,87,40,0,0
CB,Denzel Rice,24,2015,71,40,71,68,78,40,0,0
CB,De'Vante Bausby,24,2015,74,40,75,74,78,40,0,0
LB,Tavaris Barnes,26,2015,68,50,65,52,59,68,0,0
DL,DeShawn Williams,25,2015,94,35,75,75,71,70,0,0
DL,Jordan Williams,24,2015,83,40,68,60,60,68,0,0
DL,Justin Hamilton,24,2015,71,40,64,73,67,65,0,0
DL,Lavon Hooks,25,2015,78,40,71,60,64,71,0,0
WR,Orson Charles,26,2012,89,54,81,58,64,66,0,0
RB,George Atkinson,25,2014,88,40,73,63,85,78,0,0
OL,Josh Andrews,26,2014,89,40,85,67,63,58,0,0
OL,James Ferentz,28,2014,67,35,81,64,62,64,0,0
WR,Anthony Denham,26,2014,91,40,68,61,50,65,0,0
DL,Mike Purcell,26,2013,65,59,75,64,67,67,0,0
K,Jeff Locke,28,2013,89,45,78,81,65,45,0,0
OL,Vinston Painter,28,2013,68,40,67,73,62,60,0,0
OL,David Quessenberry,27,2013,61,40,78,65,65,59,0,0
CB,Keith Reaser,26,2014,78,45,62,78,85,40,0,0
K,Zach Hocker,26,2014,71,35,71,85,64,35,0,0
CB,Stanley Jean-Baptiste,27,2014,71,40,73,80,75,37,0,0
OL,Brandon Thomas,26,2014,86,40,61,90,68,60,0,0
CB,Brandon Dixon,27,2014,75,35,81,70,87,37,0,0
DL,Zach Moore,27,2014,72,35,73,63,63,76,0,0
RB,Mike Davis,24,2015,90,45,64,70,83,80,0,0
RB,Marcus Murphy,26,2015,84,40,60,60,75,68,0,0
WR,Kenny Bell,25,2015,95,40,73,61,88,67,0,0
WR,Mario Alford,25,2015,95,40,73,61,90,73,0,0
WR,DeAndre Smelter,26,2015,85,40,63,64,78,78,0,0
RB,MyCole Pruitt,25,2015,73,45,63,57,75,62,0,0
QB,Kellen Moore,28,2012,79,57,83,65,65,37,0,0
END_PLAYERS
######################################################################  REDSKINS
Washington Redskins,WAS
K,Jordan Gay,27,2013,84,35,67,95,62,35,0,0
OL,James Stone,25,2014,80,56,73,64,70,62,0,0
OL,Ian Silberman,25,2015,68,45,73,67,65,60,0,0
OL,Cody Wichmann,25,2015,95,60,73,67,61,61,0,0
OL,Jamil Douglas,25,2015,80,50,71,73,60,54,0,0
S,Jameill Showers,26,2015,65,40,68,68,71,44,0,0
RB,John Crockett,25,2015,66,35,78,70,73,73,0,0
RB,Terrence Magee,24,2015,79,35,73,71,75,70,0,0
S,Damian Parms,25,2015,99,35,83,62,70,76,0,0
S,Isaiah Johnson,25,2015,76,40,68,71,78,63,0,0
S,Ronald Martin,24,2015,85,40,78,71,73,60,0,0
WR,Manasseh Garner,25,2015,79,30,68,62,61,66,0,0
WR,Tim Semisch,26,2015,72,30,68,62,63,68,0,0
WR,Will Tye,26,2015,76,64,75,75,78,63,0,0
WR,Bradley Marquez,25,2015,71,40,73,59,81,62,0,0
WR,DeAndre Carter,24,2015,77,35,65,57,95,70,0,0
WR,Larry Pinkard,25,2015,96,35,65,62,83,55,0,0
WR,Rannell Hall,24,2015,83,40,73,57,78,70,0,0
OL,John Fullington,26,2014,94,35,73,57,70,65,0,0
DL,Earl Okine,27,2013,61,40,71,62,62,73,0,0
DL,Efe Obada,25,2015,92,35,64,45,56,62,0,0
LB,Shayne Skov,27,2014,72,50,75,68,70,66,0,0
K,Jason Myers,26,2015,93,45,60,97,65,45,0,0
WR,Isaiah Burse,26,2014,67,35,75,60,78,68,0.4,1
S,Jerome Couplin III,26,2014,89,40,87,73,75,71,0,0
LB,Jay Elliott,26,2014,81,50,78,60,60,68,0,0
CB,Brian Dixon,27,2014,82,40,83,71,87,37,0,0
OL,Donald Hawkins,25,2014,81,40,70,67,61,60,0.4,1
CB,Chris Davis,27,2014,71,45,81,81,78,47,0,0
OL,Garry Gilliam,27,2014,70,60,67,71,60,60,1.7,1
CB,Marcus Roberson,25,2014,68,50,68,80,75,37,0,0
RB,Trey Watts,26,2014,79,35,83,78,70,88,0,0
OL,Josh Allen,26,2014,79,35,71,83,67,60,0,0
S,Marcus Ball,30,2014,60,40,73,70,73,63,0,0
DL,Bruce Gaston,26,2014,86,40,73,88,81,67,0,0
S,Akeem Davis,28,2014,65,40,71,74,87,68,0,0
WR,Corey Washington,26,2014,90,35,75,63,81,83,0,0
DL,T. J. Barnes,27,2014,76,45,64,87,81,62,0,0
OL,Karim Barton,26,2014,72,35,73,71,73,59,0,0
RB,Glenn Winston,28,2014,61,35,71,68,68,78,0,0
RB,Darrin Reaves,24,2014,90,35,81,67,75,83,0,0
S,Marcus Cromartie,27,2013,76,40,75,74,87,40,0,0
CB,Jumal Rolle,27,2013,67,45,70,78,81,37,0,0
WR,Eddie Royal,31,2008,55,65,75,75,83,98,0,0
OL,Jon Dorenbos,37,2003,43,67,81,60,40,56,0,0
OL,Thomas Gafford,34,2006,42,54,75,59,60,60,0,0
LB,D'Qwell Jackson,34,2006,43,71,81,81,71,70,0,0
LB,Jason Trusnik,33,2007,70,50,68,60,61,65,0,0
OL,Brett Goode,33,2008,83,45,68,60,60,52,0,0
OL,Jeremy Zuttah,31,2008,80,88,78,78,65,70,0,0
QB,Colin Kaepernick,30,2011,60,59,78,93,60,92,0,0
QB,Christian Ponder,29,2011,68,45,73,70,60,71,0,0
LB,Akeem Dent,30,2011,85,58,83,70,71,65,0,0
RB,Stevan Ridley,28,2011,76,60,75,67,67,76,0,0
DL,Dan Williams,30,2010,62,68,83,97,88,68,0,0
END_PLAYERS
######################################################################  FALCONS
Atlanta Falcons,ATL
LB,Daryl Washington,31,2010,57,45,90,71,65,76,0,0
DL,Sean Lissemore,30,2010,81,63,75,71,70,70,0,0
WR,John Phillips,30,2009,51,60,87,61,61,45,0,0
CB,Mike Jenkins,32,2008,71,45,71,80,81,40,0,0
LB,Kelvin Sheppard,29,2011,81,60,87,67,65,66,0.6,1
RB,Taiwan Jones,29,2011,50,57,71,61,88,80,0.5,1
DL,Jared Odrick,30,2010,77,63,67,73,71,71,0,0
LB,Koa Misi,30,2010,84,70,83,83,67,76,3,1
CB,Nolan Carroll,30,2010,70,60,70,86,85,47,0,0
CB,Vontae Davis,29,2009,60,64,85,94,83,62,0,0
DL,Paul Soliai,34,2007,50,67,70,87,78,66,0,0
DL,Kendall Langford,31,2008,58,40,73,83,81,74,0,0
CB,Chimdi Chekwa,29,2011,78,45,85,80,85,43,0,0
CB,Antonio Smith,33,2011,47,35,90,80,88,45,0,0
CB,Chykie Brown,31,2011,63,50,68,83,81,40,0,0
S,Rahim Moore,28,2011,84,54,83,80,75,59,0,0
CB,Chris Culliver,29,2011,65,52,73,81,85,44,0,0
DL,Kristjan Sokoli,26,2015,73,35,73,83,70,76,0,0
DL,B. J. Dubose,25,2015,94,45,75,64,65,73,0,0
DL,Martin Ifedi,26,2015,73,40,63,59,60,74,0.3,2
DL,Randy Gregory,25,2015,95,50,61,64,63,81,0.8,2
DL,Michael Bennett,24,2015,71,45,67,64,64,71,0.4,2
DL,David Parry,25,2015,72,61,67,87,81,66,0.4,2
DL,Angelo Blackson,25,2015,98,40,68,61,67,73,0.5,2
LB,Davis Tull,26,2015,98,40,60,45,60,73,0,0
DL,Geneo Grissom,25,2015,67,40,73,60,63,80,0,0
LB,Mark Nzeocha,27,2015,67,45,63,67,65,73,0.4,2
WR,Jim Dray,31,2010,81,54,71,58,60,65,0,0
S,Rashad Johnson,31,2009,64,61,93,78,73,62,0,0
CB,Greg Toler,32,2009,74,60,73,81,75,70,0,0
RB,Tim Hightower,31,2008,57,70,73,81,78,80,0,0
OL,David Arkin,30,2011,72,35,83,87,64,60,0,0
CB,Byron Maxwell,29,2011,77,71,81,88,83,47,0,0
CB,Josh Thomas,28,2011,84,40,64,71,78,45,0,0
WR,Rob Housler,29,2011,67,45,65,60,71,71,0,0
RB,Ryan Mathews,30,2010,47,78,67,73,83,90,0,0
DL,Cam Thomas,31,2010,67,60,71,93,81,67,0,0
LB,Donald Butler,29,2010,70,60,73,71,65,73,0,0
S,Darrell Stuckey,28,2010,60,52,67,80,78,62,0,0
RB,Darren Sproles,34,2005,69,70,78,65,75,80,2.8,1
WR,Vincent Jackson,34,2005,71,73,78,83,73,73,0,0
RB,Dexter McCluster,29,2010,56,60,75,78,85,98,0,0
S,Kendrick Lewis,31,2010,62,60,73,76,65,78,0,0
DL,Tyson Jackson,31,2009,82,70,87,75,75,71,0,0
DL,Glenn Dorsey,32,2008,49,58,81,73,73,70,0,0
DL,Damontre Moore,25,2013,73,57,62,57,60,78,0,0
RB,Shaun Draughn,30,2011,46,62,73,73,70,78,0,0
RB,Matt Asiata,30,2011,61,71,83,75,64,68,0,0
DL,Jordan Hill,26,2013,63,52,73,71,67,70,0.6,1
LB,Corey Lemonier,26,2013,80,45,73,60,60,67,0,0
WR,Stedman Bailey,27,2013,86,61,87,67,78,83,0,0
CB,Will Davis,27,2013,90,52,68,83,81,37,0,0
CB,Crezdon Butler,30,2010,61,52,78,80,78,37,0,0
OL,Chris Scott,30,2010,81,61,60,88,61,60,0,0
WR,David Johnson,30,2009,56,60,83,45,63,62,0,0
END_PLAYERS
######################################################################  PANTHERS
Carolina Panthers,CAR
WR,Josh Gordon,26,2012,66,59,81,71,85,80,0.7,1
RB,Knile Davis,26,2013,79,45,64,65,88,80,0,0
LB,Zaviar Gooden,27,2013,79,45,68,60,60,78,0,0
QB,Dan Orlovsky,34,2005,55,60,85,65,60,37,0,0
DL,Mario Williams,32,2006,52,60,90,81,75,81,0,0
QB,Matt Barkley,27,2013,82,59,83,75,64,40,0,0
WR,Josh Boyce,26,2013,79,40,83,59,87,74,0,0
S,Duke Williams,27,2013,65,45,87,78,81,60,0,0
DL,Jimmy Staten,26,2014,61,40,70,75,75,67,0,0
DL,Ra'Shede Hageman,27,2014,76,62,68,81,78,74,0,0
S,Lonnie Ballentine,24,2014,80,45,73,78,88,57,0,0
S,Christian Bryant,25,2014,90,40,65,70,78,60,0,0
LB,Eric Pinkins,26,2014,71,40,81,57,59,73,0,0
S,Ed Reynolds,26,2014,76,54,73,78,78,62,0,0
S,Marqueston Huff,25,2014,69,40,83,74,83,62,0,0
LB,Khairi Fortt,25,2014,66,45,70,60,67,73,0,0
WR,Kevin Norwood,28,2014,75,45,70,64,83,73,0.4,1
DL,Ryan Carrethers,26,2014,77,45,78,93,83,65,0,0
OL,Jon Halapio,26,2014,84,35,70,73,71,58,0.3,2
LB,Ronald Powell,26,2014,91,40,61,63,62,68,0,0
LB,Randell Johnson,26,2014,91,45,67,61,62,70,0,0
LB,Lamin Barrow,27,2014,76,40,81,63,64,73,0.4,1
LB,Brandon Watts,26,2014,88,40,67,60,57,73,0,0
RB,Joe Banyard,29,2012,59,40,75,63,83,76,0,0
S,Duke Ihenacho,28,2012,62,63,75,86,78,62,0,0
S,Kelcie McCray,29,2012,62,40,70,74,78,57,0,0
RB,Cory Harkey,27,2012,79,67,85,56,56,53,0,0
WR,Dominique Jones,30,2012,54,40,73,59,61,73,0,0
WR,Griff Whalen,27,2012,86,45,87,67,73,62,0,0
RB,Spencer Ware,26,2013,70,73,83,83,78,88,1.2,2
DL,Chris Jones,27,2013,89,52,81,78,70,63,0.5,1
LB,Mike Catapano,27,2013,67,40,75,59,64,65,0,0
CB,Demetrius McCray,26,2013,73,45,78,80,78,44,0,0
WR,Michael Williams,27,2013,81,45,85,61,45,60,0,0
WR,Charles Johnson,28,2013,87,52,71,70,87,71,1.3,1
DL,Armonty Bryant,27,2013,90,54,71,57,60,80,0,0
WR,Chris Gragg,27,2013,79,40,63,62,75,68,0.5,1
DL,Nick Williams,27,2013,80,54,71,70,68,78,0,0
LB,Sam Barrington,27,2013,80,45,85,71,65,68,0,0
QB,Zac Dysert,27,2013,91,40,78,73,59,40,0.4,1
WR,Marquess Wilson,25,2013,67,62,83,71,83,83,0,0
WR,B. J. Daniels,28,2013,67,40,75,59,71,66,0,0
OL,Reid Fragel,26,2013,99,40,81,85,70,57,0,0
OL,Michael Bowie,26,2013,95,50,73,52,35,35,0,0
QB,Sean Renfree,27,2013,78,40,81,71,61,40,0,0
S,Don Jones,27,2013,83,45,73,83,87,62,0.8,2
LB,Kevin Snyder,25,2015,71,35,75,45,58,66,0,0
LB,Zach Vigil,26,2015,99,40,75,61,62,68,0,0
LB,Tyrell Adams,25,2015,98,45,78,67,60,71,0,0
LB,Brian Blechen,26,2015,68,45,75,45,56,74,0,0
OL,Andrew East,26,2015,95,35,61,60,30,95,0,0
DL,Joey Mbu,24,2015,95,40,73,71,71,67,0.4,2
LB,Alani Fua,25,2015,94,40,83,61,61,67,0,0
LB,Brennen Beyer,25,2015,72,35,85,35,45,62,0,0
LB,Brock Hekking,26,2015,83,35,85,35,45,57,0,0
END_PLAYERS
######################################################################  SAINTS
New Orleans Saints,NO
LB,Junior Sylvestre,26,2015,99,35,85,45,58,62,0,0
OL,Taybor Pepper,23,2017,68,40,70,45,35,45,0.3,1
LB,Marcus Rush,26,2015,67,40,78,60,61,68,0,0
DL,Ryan Delaire,25,2015,90,45,75,62,61,78,0,0
LB,Tony Washington,25,2015,98,35,85,78,70,55,0,0
OL,Cameron Jefferson,25,2015,86,35,71,65,60,65,0,0
OL,Josue Matias,24,2015,85,40,75,63,61,64,0,0
OL,Kaleb Johnson,24,2015,76,40,78,75,67,61,0,0
OL,Malcolm Bunche,26,2015,78,35,71,97,60,65,0,0
OL,Matt Rotheram,25,2015,78,35,71,73,60,65,0,0
OL,Darryl Baldwin,26,2015,75,35,73,88,63,60,0,0
DL,Sharrif Floyd,26,2013,70,64,78,71,81,81,2.5,1
LB,Spencer Paysinger,29,2011,73,63,71,68,62,73,0,0
S,Matt Elam,26,2013,75,45,85,76,75,60,0,0
LB,Michael Morgan,29,2011,77,58,75,65,60,70,0,0
WR,Dennis Pitta,32,2010,47,81,60,87,64,66,0,0
OL,Michael Oher,31,2009,50,62,75,90,61,61,0,0
DL,Paul Kruger,31,2009,68,61,90,70,71,80,0,0
LB,Dannell Ellerbe,32,2009,76,67,81,63,60,74,0,0
DL,Bryan Braman,30,2011,55,57,75,50,60,76,0,0
CB,Johnthan Banks,28,2013,76,52,87,76,75,44,0,0
OL,Patrick Scales,29,2011,85,45,71,56,35,56,0.3,1
WR,Gavin Escobar,26,2013,87,57,88,68,62,73,0.5,1
LB,Perry Riley,31,2010,83,78,83,83,78,70,0,0
CB,Mike Harris,28,2012,84,45,75,80,75,47,0,0
OL,Andrew Tiller,28,2012,62,68,78,71,65,68,0,0
OL,Matt McCants,28,2012,84,52,85,71,63,64,0,0
LB,Audie Cole,28,2012,63,54,87,73,62,68,0,0
LB,Nathan Stupar,29,2012,81,58,75,62,64,71,1.3,2
WR,Greg Scruggs,27,2012,87,40,68,54,63,40,0,0
DL,Cam Johnson,27,2012,68,54,65,59,62,80,0,0
S,Antonio Allen,29,2012,82,60,75,76,70,80,0,0
CB,Trevin Wade,28,2012,83,60,67,83,75,40,0,0
RB,Daryl Richardson,27,2012,83,50,67,67,81,94,0,0
WR,Larry Donnell,29,2012,73,58,75,67,59,68,0,0
RB,Mike James,26,2013,65,45,70,71,75,78,0.5,1
RB,Will Johnson,29,2012,64,60,78,59,64,66,0,0
CB,Valentino Blake,27,2012,88,60,71,88,87,37,0,0
S,Bacarri Rambo,27,2013,81,56,64,76,75,57,0,0
S,Phillip Thomas,28,2012,82,45,75,78,65,55,0,0
OL,Aaron Brewer,27,2012,75,52,71,54,40,52,0.5,1
DL,Kourtnei Brown,29,2012,81,40,65,64,62,76,0,0
OL,Jeff Adams,28,2012,89,60,85,60,65,64,0,0
LB,Paul Dawson,24,2015,79,52,85,60,60,73,0,0
LB,Ben Heeney,25,2015,71,45,73,64,63,71,0.4,1
DL,Max Valles,23,2015,95,40,75,59,57,73,0,0
LB,Reshard Cliett,25,2015,80,40,67,63,62,68,0,0
LB,Edmond Robinson,25,2015,81,35,70,61,60,66,0.4,2
LB,Neiron Ball,25,2015,72,40,63,64,63,68,0,0
CB,D'Joun Smith,25,2015,67,40,70,78,88,40,0,0
CB,Alex Carter,23,2015,92,40,71,76,83,62,0,0
CB,Ifo Ekpre-Olomu,24,2015,99,40,62,74,81,66,0,0
CB,Senquez Golson,24,2015,90,45,70,78,85,37,0,0
CB,Charles Gaines,25,2015,89,45,75,78,85,37,0,0
CB,Damian Swann,25,2015,67,45,75,74,83,37,0,0
END_PLAYERS
######################################################################  BUCCANEERS
Tampa Bay Buccaneers,TB
CB,Randall Evans,26,2015,88,40,75,74,85,44,0,0
CB,JaCorey Shepherd,24,2015,68,40,67,71,81,37,0,0
CB,Taurean Nixon,26,2015,82,35,67,73,90,40,0,0
S,Cedric Thompson,24,2015,96,35,71,73,85,67,0,0
S,Mykkele Thompson,24,2015,98,40,68,74,81,53,0,0
S,James Sample,25,2015,88,40,75,70,78,80,0,0
OL,Branden Albert,33,2008,73,70,73,81,60,60,0,0
DL,Wallace Gilberry,33,2008,69,60,75,60,60,71,0,0
OL,Orlando Franklin,30,2011,86,68,75,90,61,60,0,0
OL,Jah Reid,29,2011,79,63,83,87,60,61,0,0
OL,Chris Hairston,28,2011,77,50,75,78,63,60,1.1,1
S,Chris Prosinski,30,2011,50,45,78,78,85,68,0,0
DL,Ricardo Mathews,30,2010,83,57,67,70,68,71,0,0
LB,Philip Wheeler,33,2008,56,57,83,70,65,70,0,0
WR,Jacob Tamme,32,2008,62,78,75,75,67,73,0,0
LB,Aldon Smith,28,2011,90,60,81,78,81,80,0,0
LB,Akeem Ayers,28,2011,74,60,88,68,63,71,0,0
OL,Ryan Wendell,31,2008,83,65,67,70,71,63,0,0
WR,Rod Streater,29,2012,74,45,81,70,83,70,0,0
LB,Rolando McClain,28,2010,60,61,81,67,65,73,0,0
WR,Louis Murphy,30,2009,53,62,71,63,83,71,0.6,1
OL,Khalif Barnes,35,2005,45,67,67,81,64,64,0,0
DL,Desmond Bryant,32,2009,64,65,67,71,75,73,0,0
RB,Marcel Reece,32,2008,71,61,87,71,75,76,0,0
WR,Brandon Myers,32,2009,59,60,73,60,60,63,0,0
LB,Jarvis Jones,28,2013,70,62,70,61,60,71,0,0
DL,Eugene Sims,31,2010,80,60,65,60,60,74,0,0
OL,John Greco,32,2008,61,60,81,75,67,64,0,0
LB,Jonathan Freeny,28,2011,90,59,68,63,60,71,0,0
LB,Carl Bradford,25,2014,77,45,75,64,63,73,0,0
LB,Jordan Tripp,26,2014,95,45,81,60,60,76,0.4,1
LB,Corey Nelson,25,2014,74,52,68,64,64,73,0.4,1
DL,Scott Crichton,26,2014,77,45,75,70,73,80,0,0
DL,Ego Ferguson,26,2014,62,54,70,70,68,68,0,0
S,Antone Exum Jr.,26,2014,86,45,68,78,83,53,0,1
OL,Mitchell Van Dyk,26,2014,95,40,81,60,68,56,0,0
QB,Keith Wenning,26,2014,77,40,83,75,60,47,0,0
RB,Storm Johnson,25,2014,79,45,81,63,75,70,0,0
RB,Lorenzo Taliaferro,26,2014,73,45,75,73,78,80,0,0
OL,Greg Robinson,25,2014,94,58,88,93,60,58,0,0
RB,Tyler Gaffney,26,2014,79,45,64,70,81,74,0.4,1
S,Mo Alexander,26,2014,77,67,75,88,87,73,0,0
S,Jonathan Dowling,26,2014,83,40,68,67,81,47,0,0
S,Jeron Johnson,29,2011,86,45,87,68,73,70,0,0
RB,Jonathan Grimes,28,2012,51,57,81,78,75,83,0,0
DL,Justin Trattou,29,2011,73,45,67,60,60,73,0.6,1
DL,C. J. Wilson,30,2010,81,54,65,78,78,73,0,0
RB,James Starks,31,2010,70,70,68,73,73,90,0,0
CB,Sam Shields,30,2010,62,75,68,94,93,37,0,0
DL,Cullen Jenkins,36,2004,74,67,78,73,70,66,0,0
RB,John Kuhn,35,2005,74,61,83,62,60,62,0.6,1
RB,DeAngelo Williams,34,2006,74,93,81,88,73,96,0,0
WR,Gary Barnidge,32,2008,52,73,71,81,67,47,0,0
WR,LaRon Byrd,28,2012,71,40,68,59,81,74,0,0
LB,Brandon Spikes,30,2010,63,58,85,64,68,66,0,0
END_PLAYERS
######################################################################  CARDINALS
Arizona Cardinals,ARZ
CB,Kyle Arrington,31,2008,58,68,70,86,75,44,0,0
S,Sergio Brown,29,2010,81,56,71,74,73,67,0,0
WR,Kellen Davis,32,2008,51,58,75,56,67,47,0,0
WR,Marcus Easley,30,2010,74,52,61,61,83,78,0,0
RB,Cedric Peerman,31,2009,75,60,78,60,85,73,0.8,1
LB,Dan Skuta,31,2009,52,61,81,70,64,65,0,0
RB,C. J. Spiller,30,2010,65,60,68,62,85,80,0,0
OL,Kraig Urbik,32,2009,62,61,81,78,61,60,0,0
S,Donte Whitner,32,2006,57,60,75,78,75,70,0,0
CB,Leodis McKelvin,32,2008,49,62,81,83,81,40,0,0
WR,Stevie Johnson,31,2008,67,68,95,67,75,83,0,0
WR,Bryan Walters,30,2010,68,63,78,71,67,81,0,0
CB,Perrish Cox,30,2010,54,60,75,88,75,40,0,0
RB,Brandon Bostick,28,2012,61,45,73,60,70,74,0,0
RB,Austin Johnson,28,2012,80,45,78,45,65,45,0,0
WR,Cooper Helfet,28,2012,68,40,70,63,67,65,0,0
QB,Matt Simms,29,2012,65,35,70,75,60,37,0,0
OL,Patrick Lewis,26,2013,72,54,83,71,68,62,0,0
S,Josh Aubrey,26,2013,63,40,87,73,85,67,0,0
LB,Gerald Rivers,27,2013,62,40,67,58,60,68,0,0
DL,Lawrence Okoye,26,2013,83,40,68,73,65,71,0,0
DL,A. J. Francis,27,2013,66,40,68,64,62,62,0,0
OL,Chris Barker,27,2013,75,40,71,78,65,60,0.3,1
OL,Tim Lelito,28,2013,78,59,81,78,62,61,0,0
OL,Alvin Bailey,26,2013,80,60,73,83,61,62,0,0
LB,Jayson DiManche,27,2013,79,45,78,60,60,73,0,0
OL,Carson Tinker,28,2013,76,59,83,59,35,56,0.5,3
LB,Andy Mulumba,27,2013,72,45,70,59,60,67,0,0
LB,John Lotulelei,26,2013,72,45,78,65,64,67,0,0
QB,Matt McGloin,28,2013,87,59,78,68,61,40,0,0
RB,Khiry Robinson,28,2013,56,60,78,70,70,78,0,0
OL,Martin Wallace,27,2013,76,45,75,70,70,59,0,0
OL,Colin Kelly,28,2013,69,35,54,60,81,73,0,0
OL,Keavon Milton,27,2013,62,40,70,58,64,60,0,0
WR,Tim Wright,27,2013,75,60,70,64,68,74,0,0
WR,Ryan Spadola,26,2013,80,40,73,61,83,68,0,0
WR,Kenbrell Thompkins,29,2013,85,60,83,45,75,76,0,0
WR,Marlon Brown,26,2013,67,50,67,65,81,67,0,0
CB,Marcus Burley,27,2013,67,45,78,76,88,40,0,0
CB,Darryl Morris,27,2013,81,45,75,81,90,40,0,0
OL,Nick Becton,27,2013,67,40,67,61,61,61,0,0
OL,Sam Brenner,27,2013,69,45,70,78,71,60,0,0
DL,Stefan Charles,29,2013,86,61,68,67,67,68,0,0
WR,Myles White,27,2013,76,45,71,62,87,70,0,0
WR,Rodney Smith,27,2013,88,35,73,59,78,83,0,0
LB,Josh McNary,29,2013,79,45,95,64,60,67,0,0
CB,Charles James II,27,2013,65,52,71,80,83,37,0,0
WR,Jake Stoneburner,28,2013,74,40,70,60,68,66,0,0
WR,Chris Pantale,27,2013,69,35,75,60,59,57,0,0
RB,Ifeanyi Momah,28,2013,66,40,68,56,70,67,0.3,2
OL,Demetrius Rhaney,25,2014,95,35,71,70,64,61,0,0
RB,Tre Mason,24,2014,92,60,78,78,81,96,0,0
RB,Ka'Deem Carey,25,2014,65,45,83,71,75,78,0,0
S,Ibraheim Campbell,25,2015,81,45,70,76,81,73,0.5,2
CB,Al-Hajj Shabazz,25,2015,94,35,75,71,78,40,0,0
END_PLAYERS
######################################################################  RAMS
Los Angeles Rams,LAR
CB,Cody Riggs,26,2015,64,45,73,74,85,37,0,0
CB,Jacoby Glenn,24,2015,94,45,71,74,71,43,0,0
CB,Julian Wilson,26,2015,73,35,60,70,81,59,0,0
CB,Nick Marshall,25,2015,91,40,65,71,81,40,0,0
CB,Robertson Daniel,26,2015,74,35,73,71,87,40,0,0
CB,SaQwan Edwards,25,2015,86,35,60,71,83,40,0,0
CB,Travell Dixon,26,2015,72,35,60,63,68,40,0,0
CB,Michael Lee,26,2015,90,35,65,68,75,40,0,0
DL,Arthur Miley,24,2015,83,35,64,60,60,65,0,0
DL,Bobby Richardson,25,2015,77,57,64,64,63,68,0,0
DL,Caushaud Lyons,24,2015,66,40,73,61,60,76,0,0
DL,Josh Shirley,25,2015,76,35,78,61,62,81,0,0
RB,Julian Howsare,25,2015,64,45,81,45,65,55,0,0
LB,Lynden Trail,26,2015,67,35,73,58,60,65,0,0
DL,Nordly Capi,25,2015,94,40,78,78,71,78,0,0
DL,Ashaad Mabry,25,2015,97,35,63,78,59,40,0,0
DL,Derrick Lott,27,2015,79,35,63,88,81,68,0,0
DL,Eric Crume,24,2015,67,35,63,78,59,53,0,0
DL,Kaleb Eulls,26,2015,85,40,75,81,68,67,0.4,1
DL,Louis Trinca-Pasat,26,2015,69,40,65,60,60,68,0,0
DL,Toby Johnson,26,2015,69,40,70,78,73,65,0,0
DL,Travis Raciti,25,2015,82,35,63,64,60,59,0,0
RB,Paul Lasike,27,2015,69,35,78,64,62,71,0,0
S,Dean Marlowe,25,2015,81,40,78,71,75,70,0,0
S,Jacob Hagen,25,2015,75,35,65,68,75,40,0,0
S,Tim Scott,24,2015,77,35,65,68,78,40,0,0
LB,Edwin Jackson,26,2015,93,45,75,68,71,70,0.3,1
LB,Jeff Luc,25,2015,86,35,75,64,63,62,0,0
LB,John Timu,25,2015,83,56,81,60,68,68,0.3,1
WR,Logan Paulsen,30,2010,68,60,78,56,60,46,0.5,1
DL,Kedric Golston,34,2006,65,60,63,70,67,65,0,0
RB,Darrel Young,30,2009,51,58,75,60,70,62,0,0
LB,Arthur Brown,27,2013,87,45,78,71,63,74,0,0
WR,Aaron Dobson,26,2013,90,52,68,63,83,76,0,0
RB,Christine Michael,27,2013,64,60,71,63,87,83,0.5,1
CB,Dwayne Gratz,27,2013,87,45,93,80,83,60,0,0
CB,Tracy Porter,31,2008,74,67,61,88,81,37,0,0
LB,Sio Moore,27,2013,87,60,81,71,67,80,0,0
CB,Leon McFadden,27,2013,62,45,75,80,78,40,0,0
OL,Dallas Thomas,28,2013,84,60,75,70,58,54,0,0
RB,DuJuan Harris,29,2011,51,56,73,75,85,96,0,0
RB,Bernard Pierce,26,2012,89,59,70,65,83,68,0,0
LB,Sean Spence,27,2012,72,64,68,63,59,80,0,0
DL,Brandon Thompson,28,2012,80,45,67,87,75,66,0,0
OL,Tony Bergstrom,31,2012,56,50,83,70,60,62,0.5,1
OL,Gino Gradkowski,29,2012,84,61,71,73,63,60,0,0
WR,Ladarius Green,27,2012,86,70,68,78,83,83,0,0
DL,Jaye Howard,29,2012,89,60,65,71,73,78,0,0
WR,Keshawn Martin,27,2012,63,40,71,62,85,74,0,0
CB,Brandon Boykin,27,2012,83,45,62,80,83,44,0.5,1
CB,Ron Brooks,29,2012,88,45,71,83,87,57,0,0
S,Robert Blanton,28,2012,87,60,87,80,78,83,0,0
OL,Adam Gettis,29,2012,68,45,67,63,63,61,0.5,2
DL,Jack Crawford,29,2012,75,58,71,62,64,73,2.4,3
CB,Corey White,27,2012,78,56,90,83,85,47,0,0
END_PLAYERS
######################################################################  SEAHAWKS
Seattle Seahawks,SEA
CB,Asa Jackson,28,2012,64,45,67,78,81,40,0.5,1
WR,Marc Mariani,30,2010,79,64,78,67,75,90,0,0
DL,Sen'Derrick Marks,30,2009,70,63,71,68,70,73,0,0
S,Michael Griffin,32,2007,82,60,83,80,75,44,0,0
RB,Chris Johnson,32,2008,64,71,70,60,88,66,0,0
DL,Jason Jones,31,2008,67,61,78,73,68,73,0,0
QB,Ryan Nassib,27,2013,73,40,87,75,60,40,0,0
CB,B. W. Webb,27,2013,69,54,73,86,81,37,0,0
LB,Khaseem Greene,28,2013,80,57,73,61,58,74,0,0
LB,Sean Porter,26,2013,93,50,64,62,60,73,0,0
OL,Khaled Holmes,27,2013,76,63,68,62,71,60,0,0
DL,Malliciah Goodman,27,2013,89,52,70,71,65,73,0,0
WR,Quinton Patton,27,2013,77,59,73,67,78,90,0,0
S,Jamarca Sanford,32,2009,51,52,87,73,78,70,0,0
DL,Letroy Guion,30,2008,68,64,71,71,68,66,0,0
WR,Cecil Shorts,30,2011,74,57,75,65,81,90,0,0
RB,Denard Robinson,27,2013,80,60,71,78,87,98,0,0
S,Earl Wolff,28,2013,66,45,67,74,83,68,0,0
WR,Jeremy Ross,29,2011,80,40,67,62,83,81,0,0
CB,Tharold Simon,26,2013,68,45,67,78,78,53,0,0
DL,Montori Hughes,27,2013,88,45,73,71,70,67,0,0
RB,Stepfan Taylor,26,2013,63,45,93,71,71,73,0,0
DL,George Johnson,30,2010,72,56,64,68,62,70,0,0
RB,Joique Bell,31,2010,64,59,73,70,68,74,0,0
LB,Albert McClellan,31,2010,51,59,81,64,64,66,0.9,2
LB,Lavar Edwards,27,2013,83,45,83,62,61,67,0,0
QB,Thaddeus Lewis,30,2010,68,45,71,81,60,62,0,0
RB,Will Tukuafu,33,2010,73,68,70,45,54,40,0,0
CB,Sheldon Price,26,2013,68,35,67,71,83,37,0,0
RB,George Winn,27,2013,67,40,78,63,81,73,0.4,1
WR,Blake Annen,26,2014,82,35,71,57,78,67,0,0
LB,Kenny Anunike,27,2014,85,40,63,60,62,65,0,0
QB,Connor Shaw,26,2014,82,40,75,65,60,55,0,0
OL,Anthony Steen,27,2014,74,60,71,70,64,59,0.4,1
LB,Dewey McDonald,27,2014,62,45,71,54,59,76,0.4,1
QB,Stephen Morris,25,2014,69,35,75,85,58,63,0,0
CB,Mohammed Seisay,27,2014,78,40,75,76,78,40,0,0
WR,Justin Perillo,26,2014,82,45,70,65,65,67,0,0
WR,Seantavius Jones,25,2014,90,45,71,59,81,62,0,0
WR,Chris Matthews,28,2011,86,45,75,68,78,70,0,0
LB,Justin Staples,28,2013,63,40,75,58,60,68,0,0
OL,Ronald Patrick,26,2014,68,40,71,68,61,60,0,0
WR,Asante Cleveland,25,2014,79,40,71,50,60,57,0.4,1
CB,Greg Ducre,25,2014,69,40,64,78,90,40,0.4,1
WR,Rashad Ross,27,2014,61,45,73,64,88,67,0,0
RB,Antonio Andrews,26,2014,89,62,88,81,67,80,0,0
LB,Max Bullough,25,2014,91,60,87,62,70,70,0,0
WR,Scott Simonson,25,2014,75,40,67,61,62,53,0,0
QB,Garrett Grayson,26,2015,92,40,71,83,58,40,0,0
S,Jonathan Meeks,28,2013,80,40,83,71,73,57,0,0
CB,Teddy Williams,29,2010,80,40,60,74,90,37,0.6,1
QB,Luke McCown,36,2004,69,64,73,71,62,40,0,0
OL,Cody Wallace,33,2008,68,63,83,71,59,57,0,0
OL,Andrew Gardner,31,2009,56,56,63,75,64,62,0,0
WR,Jordan Norwood,31,2009,52,63,64,68,71,98,0,0
END_PLAYERS
######################################################################  49ERS
San Francisco 49ers,SF
DL,Stansly Maponga,26,2013,84,40,64,70,68,74,0,0
S,Will Blackmon,33,2006,60,71,70,86,71,55,0,0
K,Caleb Sturgis,28,2013,78,45,73,93,83,45,0.6,1
DL,Josh Boyd,28,2013,83,45,70,83,78,70,0,0
S,Josh Evans,26,2013,86,54,75,78,75,55,0,0
OL,Eric Kush,28,2013,78,56,73,64,62,64,0.8,2
WR,Corey Fuller,27,2013,72,58,73,63,85,70,0,0
QB,Robert Griffin III,27,2012,74,58,70,88,60,81,0,0
WR,Justin Blackmon,27,2012,71,35,88,71,81,76,0,0
K,Dustin Hopkins,27,2013,71,40,68,93,65,40,0.4,1
LB,Tourek Williams,26,2013,94,40,70,64,65,63,0,0
LB,Rufus Johnson,27,2013,63,40,68,61,63,65,0,0
WR,Mychal Rivera,27,2013,63,60,81,67,63,62,1,2
OL,David Yankey,25,2014,73,45,75,71,68,60,0,0
QB,Aaron Murray,27,2014,69,40,73,73,61,44,0,0
QB,Zach Mettenberger,26,2014,92,40,70,88,60,37,0,0
OL,Cyril Richardson,27,2014,72,40,70,83,70,56,0,0
DL,Louis Nix III,26,2014,77,40,62,75,83,65,0,0
CB,Jabari Price,25,2014,79,40,70,71,85,40,0,0
RB,Bishop Sankey,25,2014,70,59,73,62,81,76,0.4,1
S,Vinnie Sunseri,24,2014,71,40,67,70,78,68,0,0
WR,Devin Street,26,2014,91,45,73,63,78,68,0,0
DL,Larry Webster,27,2014,60,40,68,58,58,80,0,0
DL,I. K. Enemkpali,26,2014,90,45,73,67,67,71,0,0
RB,Trey Millard,26,2014,65,35,71,63,71,65,0,0
RB,David Cobb,24,2015,99,45,78,73,71,73,0,0
RB,Jeremy Langford,26,2015,64,56,71,70,87,71,0,0
RB,Kenny Hilliard,26,2015,62,35,61,64,68,68,0,0
RB,Karlos Williams,24,2015,73,57,65,73,85,80,0,0
RB,Malcolm Johnson,25,2015,61,45,70,59,68,66,0,0
WR,Kevin White,25,2015,97,40,65,67,90,68,4.2,2
WR,Devin Smith,25,2015,84,45,73,62,87,70,1.3,2
WR,Dorial Green-Beckham,24,2015,74,59,63,68,83,81,0,0
CB,Tony Lippett,25,2015,86,61,81,81,78,43,0.4,2
WR,Rashad Greene,25,2015,75,56,70,63,81,68,0.4,2
WR,Dezmin Lewis,25,2015,66,35,75,78,85,71,0,0
RB,Darren Waller,25,2015,72,45,78,56,81,67,0.4,2
WR,Keith Mumphery,25,2015,73,40,83,62,81,83,0,0
WR,Da'Ron Brown,26,2015,88,35,81,68,81,74,0,0
WR,Rory Anderson,25,2015,93,35,60,59,67,70,0,0
S,Shiloh Keo,30,2011,65,45,88,66,65,73,0,0
WR,Clay Harbor,30,2010,80,60,81,62,71,68,0.6,1
LB,Trent Cole,35,2005,42,81,78,62,62,66,0,0
OL,King Dunlap,32,2008,79,67,63,90,62,59,0,0
OL,Brian Folkerts,27,2012,61,45,83,87,68,60,0,0
QB,T. J. Yates,30,2011,68,52,83,78,60,37,0.5,1
CB,Chris Lewis-Harris,28,2012,65,45,75,78,83,43,0,0
DL,Vance Walker,30,2009,68,67,71,70,70,67,0,0
OL,Garrett Reynolds,30,2009,86,60,87,75,73,63,0,0
RB,Antone Smith,32,2009,59,45,70,71,85,92,0,0
S,Chris Maragos,30,2010,56,57,78,73,75,63,1.4,3
S,Dashon Goldson,33,2007,66,58,87,76,68,53,0,0
OL,Will Beatty,32,2009,81,60,78,71,63,62,0,0
WR,Victor Cruz,31,2010,77,67,65,75,81,78,0,0
K,Jake Schum,28,2013,90,40,64,88,65,40,0.4,1
END_PLAYERS
