######################################################################  RAVENS
Baltimore Ravens,BAL
WR,Kamar Aiken,27,2012,70,84,82,86,87,79,1.6,1
RB,Javorius Allen,25,2016,69,66,85,81,88,80,0.7,3
S,Maurice Canady,22,2017,71,50,86,74,89,69,0.4,4
LB,Chris Carter,27,2012,65,69,85,76,70,72,0.6,1
LB,Kamalei Correa,22,2017,67,68,87,81,78,80,2.9,4
OL,Morgan Cox,30,2011,66,73,83,64,51,66,0.7,5
CB,Will Davis,26,2014,67,68,82,73,87,42,0.9,1
RB,Kenneth Dixon,22,2017,73,62,88,76,87,84,0.4,4
LB,Elvis Dumervil,32,2007,93,92,85,77,78,80,8.4,2
QB,Joe Flacco,31,2009,75,82,95,97,84,59,30,3
RB,Justin Forsett,31,2009,86,85,86,85,86,86,3.2,2
WR,Crockett Gillmore,25,2015,75,72,87,82,78,71,0.8,2
DL,Lawrence Guy,26,2012,76,72,88,79,78,18,1.1,1
DL,Willie Henry,22,2017,71,55,84,81,79,23,0.4,4
WR,Devin Hester,34,2007,69,81,86,74,91,85,0.6,1
OL,James Hurst,25,2015,79,76,81,78,72,74,0.3,1
OL,Ryan Jensen,25,2014,66,61,88,90,82,74,0.4,1
DL,Timmy Jernigan,24,2015,66,73,84,80,79,29,1.6,2
LB,Matt Judon,23,2017,70,51,83,80,83,73,0.5,4
RB,Kyle Juszczyk,25,2014,80,76,91,75,81,74,0.6,1
K,Sam Koch,34,2007,69,72,80,86,89,72,3.9,5
S,Anthony Levine,29,2011,60,58,83,76,85,69,1,1
OL,Alex Lewis,24,2017,62,58,88,85,76,78,0.6,4
S,Kendrick Lewis,30,2011,77,73,85,80,80,78,2,2
QB,Ryan Mallett,28,2012,67,62,87,94,72,39,0.5,1
LB,Albert McClellan,30,2011,78,72,88,79,78,74,1,3
WR,Chris Moore,23,2017,64,58,86,77,90,77,0.7,4
LB,C.J. Mosley,24,2015,69,83,89,92,80,87,4.4,2
LB,Zach Orr,24,2015,62,66,90,77,70,74,0.3,1
WR,Breshad Perriman,22,2016,63,54,78,77,95,83,4.1,3
DL,Michael Pierce,24,2017,35,35,78,80,65,27,0.3,3
WR,Dennis Pitta,31,2011,88,81,73,88,79,73,10.1,4
CB,Jerraud Powers,29,2010,74,82,82,78,87,58,1.1,1
CB,Sheldon Price,25,2014,52,48,81,67,89,46,0.3,1
CB,Jimmy Smith,28,2012,73,81,90,83,88,73,13,4
LB,Za'Darius Smith,25,2016,64,64,87,80,79,73,0.7,3
WR,Steve Smith Sr.,37,2002,78,92,93,93,88,89,4.8,1
OL,Ronnie Stanley,22,2017,65,72,88,78,79,82,14.4,4
LB,Terrell Suggs,34,2004,92,86,92,92,91,83,11.8,3
K,Justin Tucker,27,2013,76,67,84,93,86,67,2.6,4
DL,Brent Urban,25,2015,67,56,77,74,72,42,0.6,2
OL,John Urschel,25,2015,68,75,89,87,76,73,0.4,2
OL,Ricky Wagner,27,2014,74,74,85,87,75,78,0.5,1
WR,Mike Wallace,30,2010,70,77,89,85,91,80,3.6,2
S,Lardarius Webb,31,2010,78,83,87,81,89,60,6.6,2
S,Eric Weddle,31,2008,92,90,92,85,86,79,11.5,4
RB,Terrance West,25,2015,75,70,90,80,87,82,0.4,1
DL,Brandon Williams,27,2014,83,88,80,91,89,13,0.9,1
WR,Maxx Williams,22,2016,70,61,83,84,80,77,1.3,3
CB,Shareece Wright,29,2012,65,70,87,77,89,62,2.7,3
OL,Marshal Yanda,32,2008,82,91,93,91,91,89,13.8,3
CB,Tavon Young,22,2017,68,53,89,71,90,56,0.7,4
OL,Jeremy Zuttah,30,2009,84,85,87,85,82,81,4.3,3
END_PLAYERS
######################################################################  BENGALS0
Cincinnati Bengals,CIN
DL,Geno Atkins,28,2011,79,93,85,84,79,20,15.8,3
RB,Giovani Bernard,25,2014,77,86,82,86,89,89,4.1,3
OL,Russell Bodine,24,2015,72,78,89,97,70,72,0.8,2
OL,Clint Boling,27,2012,72,85,92,86,88,78,4.4,4
WR,Tyler Boyd,22,2017,68,69,85,85,88,72,1.8,4
CB,Chykie Brown,30,2012,74,68,82,75,86,49,0.5,1
LB,Vontaze Burfict,26,2013,92,88,95,91,85,84,5.1,2
RB,Rex Burkhead,26,2014,79,68,90,76,80,82,0.4,1
DL,Will Clarke,25,2015,76,61,85,71,71,30,0.8,2
WR,Cody Core,22,2017,67,56,85,75,90,76,0.4,4
QB,Andy Dalton,29,2012,90,88,94,90,89,59,15.3,5
LB,Karlos Dansby,35,2005,74,87,88,90,87,80,1.7,1
CB,Darqueze Dennard,25,2015,72,69,89,79,90,71,3.9,2
QB,Jeff Driskel,23,2017,61,62,89,91,68,74,0.4,4
DL,Carlos Dunlap,27,2011,74,84,82,74,76,17,9.7,3
WR,Tyler Eifert,26,2014,79,85,89,87,84,78,4.1,2
WR,Alex Erickson,24,2017,54,50,50,50,50,50,0.3,3
S,Clayton Fejedelem,23,2017,71,49,91,73,87,67,0.4,4
OL,Jake Fisher,24,2016,80,70,83,83,83,81,1.4,3
LB,Marquis Flowers,24,2015,55,62,84,69,73,76,0.4,2
WR,A.J. Green,28,2012,81,93,94,95,91,88,16.3,4
OL,Clark Harris,32,2008,66,68,84,74,54,62,0.7,2
RB,Ryan Hewitt,25,2015,77,76,88,69,76,70,0.3,1
RB,Jeremy Hill,24,2015,85,84,89,83,87,85,1.3,2
OL,Trey Hopkins,24,2015,71,54,83,85,75,67,0.3,2
K,Kevin Huber,31,2010,63,62,83,83,81,62,3,2
DL,Margus Hunt,29,2014,67,56,84,82,75,52,1.4,1
S,George Iloka,26,2013,78,81,88,80,86,65,3.8,5
DL,Michael Johnson,29,2010,84,80,83,68,72,38,5.6,3
OL,T.J. Johnson,26,2014,71,65,84,86,76,75,0.4,1
CB,Adam Jones,33,2006,78,92,87,83,86,58,4.8,3
CB,Dre Kirkpatrick,27,2013,67,81,85,77,87,56,4.6,1
WR,Tyler Kroft,23,2016,58,53,79,80,81,73,0.8,3
WR,Brandon LaFell,30,2011,79,82,89,80,84,80,2.2,1
CB,Chris Lewis-Harris,27,2013,72,62,86,74,88,57,0.4,1
LB,Rey Maualuga,29,2010,89,87,92,89,86,80,3.1,2
QB,A.J. McCarron,26,2015,83,71,92,86,78,54,0.5,2
K,Mike Nugent,34,2006,71,66,84,86,82,66,1.1,1
OL,Cedric Ogbuehi,23,2016,67,67,77,78,75,77,4.5,3
DL,Domata Peko,32,2007,71,80,85,82,74,14,2.8,1
LB,Vincent Rey,29,2011,72,76,89,90,79,80,2.2,3
LB,Trevor Roach,22,2016,59,56,84,74,76,76,0.3,2
CB,Josh Shaw,24,2016,76,59,80,75,90,69,0.7,3
DL,Pat Sims,31,2009,82,76,84,84,80,17,0.8,2
S,Derron Smith,23,2016,56,55,82,70,85,54,0.4,3
WR,C.J. Uzomah,24,2016,60,51,86,68,85,73,0.5,3
LB,Nick Vigil,23,2017,73,60,89,87,77,77,0.8,4
OL,Christian Westerman,23,2017,70,58,87,84,75,74,0.5,4
OL,Andrew Whitworth,35,2007,92,91,90,89,90,91,6.9,1
S,Shawn Williams,25,2014,70,60,90,78,88,81,3.3,4
DL,DeShawn Williams,25,2016,55,45,78,78,64,27,0.3,2
OL,Eric Winston,33,2007,83,77,88,82,78,78,0.8,1
WR,James Wright,25,2015,58,64,88,76,89,78,0.4,2
OL,Kevin Zeitler,26,2013,77,87,86,89,85,81,3.9,1
END_PLAYERS
######################################################################  BROWNS
Cleveland Browns,CLE
LB,Dominique Alexander,22,2017,59,52,83,78,77,70,0.3,3
RB,George Atkinson,24,2015,67,56,85,73,88,79,0.3,1
OL,Alvin Bailey,25,2014,80,76,85,88,68,65,1.3,3
WR,Gary Barnidge,31,2009,75,87,84,88,81,67,2.8,3
OL,Joel Bitonio,25,2015,87,85,91,85,86,80,2.3,2
CB,Briean Boddy-Calhoun,23,2017,36,54,85,73,89,68,0.3,3
DL,Armonty Bryant,26,2014,73,66,84,62,67,34,0.4,1
CB,Marcus Burley,26,2014,69,61,87,72,92,55,0.4,1
S,Ibraheim Campbell,23,2016,59,57,83,76,88,75,0.7,3
LB,Tank Carder,27,2013,64,66,90,83,75,79,0.9,2
OL,Shon Coleman,25,2017,56,55,83,86,76,74,0.9,4
WR,Corey Coleman,22,2017,65,71,88,77,93,80,7.5,4
K,Britton Colquitt,31,2010,68,67,82,83,83,67,1.1,1
DL,Xavier Cooper,24,2016,70,54,87,76,72,40,0.8,3
RB,Isaiah Crowell,23,2015,70,75,87,79,86,86,0.3,1
LB,Demario Davis,27,2013,82,79,85,86,84,84,2.9,2
WR,Seth DeValve,23,2017,58,48,86,72,83,77,0.4,4
OL,Spencer Drango,24,2017,57,57,90,81,68,66,0.4,4
OL,Cameron Erving,24,2016,76,73,86,84,73,73,4.6,3
WR,Josh Gordon,25,2013,79,69,88,84,91,84,2.5,1
OL,John Greco,31,2009,84,81,89,80,75,72,2.9,2
QB,Robert Griffin III,26,2013,79,70,86,92,75,77,13.3,2
CB,Joe Haden,27,2011,72,82,94,83,89,60,16.6,4
WR,Andrew Hawkins,30,2012,82,77,81,83,89,85,4.2,2
WR,Rashard Higgins,22,2017,73,55,89,81,85,76,0.4,4
DL,Tyrone Holmes,23,2017,62,54,89,77,79,36,0.4,4
CB,Tracy Howard,22,2017,46,45,73,63,82,49,0.3,3
DL,John Hughes,28,2013,66,74,83,80,78,19,3,4
OL,Charley Hughlett,26,2015,62,65,82,75,70,67,0.3,1
RB,Duke Johnson,23,2016,76,74,79,81,90,84,0.9,3
RB,Malcolm Johnson,24,2016,59,54,83,71,82,73,0.4,3
S,Don Jones,26,2014,59,56,85,78,90,68,1.1,1
QB,Cody Kessler,23,2017,73,66,89,87,70,48,0.8,4
S,Derrick Kindred,21,2017,54,50,89,76,89,77,0.6,4
LB,Christian Kirksey,24,2015,73,78,85,84,75,84,0.9,2
LB,Corey Lemonier,25,2014,64,65,85,73,73,73,0.9,1
WR,Ricardo Louis,22,2017,68,53,88,77,91,77,0.7,4
QB,Josh McCown,37,2003,77,79,78,83,82,59,4.1,2
DL,Jamie Meder,25,2015,78,69,90,80,71,18,0.3,1
K,Patrick Murray,25,2015,65,48,81,87,80,48,0.3,1
DL,Carl Nassib,23,2017,66,62,86,70,68,28,0.9,4
LB,Emmanuel Ogbah,23,2017,58,60,88,81,77,78,3.6,4
LB,Nate Orchard,23,2016,71,73,89,65,71,74,1.6,3
DL,Stephen Paea,28,2012,74,78,85,93,86,14,0.5,1
OL,Austin Pasztor,26,2013,64,76,85,79,73,76,1.1,1
WR,Jordan Payton,23,2017,61,53,90,82,90,76,0.5,4
S,Jordan Poyer,25,2014,64,63,88,70,86,52,0.4,1
WR,Terrelle Pryor,27,2012,59,53,88,72,86,82,1.1,1
LB,Joe Schobert,23,2017,60,60,90,70,73,73,0.8,4
DL,Danny Shelton,24,2016,80,73,85,88,85,24,5.9,3
CB,Jamar Taylor,26,2014,64,68,89,76,91,61,1.4,1
WR,Randall Telfer,24,2016,68,41,79,66,78,74,0.4,3
OL,Joe Thomas,32,2008,94,95,97,89,89,91,7.2,3
CB,Tramon Williams,33,2007,88,86,90,78,84,47,5.3,2
LB,Scooby Wright III,22,2017,78,69,83,79,78,78,0.4,4
END_PLAYERS
######################################################################  STEELERS
Pittsburgh Steelers,PIT
RB,Le'Veon Bell,24,2014,79,82,86,96,90,94,1.7,1
K,Jordan Berry,23,2015,63,62,80,86,83,62,0.3,2
K,Chris Boswell,25,2015,60,58,80,87,82,58,0.3,1
WR,Antonio Brown,28,2011,85,99,92,99,93,91,11.4,2
CB,Artie Burns,21,2017,68,68,84,75,88,56,5.9,4
LB,Anthony Chickillo,24,2016,66,59,89,76,78,73,0.4,1
WR,Sammie Coates,22,2016,59,56,88,77,91,81,0.8,3
CB,Ross Cockrell,25,2015,74,67,89,74,90,51,0.4,1
S,Jordan Dangerfield,26,2014,35,35,80,63,86,61,0.3,1
S,Sean Davis,23,2017,69,60,89,74,90,67,1.6,4
OL,David DeCastro,26,2013,75,80,92,92,78,80,13.8,6
OL,B.J. Finney,25,2016,65,63,88,76,75,78,0.3,1
LB,L.J. Fort,26,2013,61,65,86,84,79,78,0.3,1
OL,Ramon Foster,30,2010,78,85,84,87,87,86,2.3,3
CB,William Gay,31,2008,76,91,90,83,87,73,1.8,3
CB,Justin Gilbert,25,2015,70,65,92,74,93,53,6.9,2
OL,Marcus Gilbert,28,2012,79,85,86,91,79,85,10.9,4
S,Robert Golden,26,2013,79,66,87,77,86,69,1.1,3
CB,Senquez Golson,23,2016,75,63,84,71,90,43,1.3,3
WR,Ladarius Green,26,2013,84,79,82,83,89,80,3.3,4
WR,Xavier Grimble,24,2015,69,49,82,72,75,68,0.1,1
DL,Javon Hargrave,23,2017,66,55,88,80,77,20,0.8,4
OL,Ryan Harris,31,2008,78,86,74,79,73,77,1.3,2
LB,James Harrison,38,2003,77,88,90,83,87,78,1.3,1
DL,Cameron Heyward,27,2012,92,86,88,85,85,25,11.8,5
WR,Darrius Heyward-Bey,29,2010,74,80,86,79,91,80,0.8,3
OL,Chris Hubbard,25,2014,74,61,84,77,75,78,0.4,1
WR,Jesse James,22,2016,69,57,85,78,83,67,0.5,3
LB,Steven Johnson,28,2013,62,72,85,82,74,78,0.5,1
WR,David Johnson,29,2010,71,67,89,59,77,70,0.5,1
QB,Landry Jones,27,2014,67,55,89,91,75,49,0.8,1
LB,Jarvis Jones,27,2014,64,72,81,74,71,76,4.6,1
LB,Tyler Matakevich,24,2017,67,54,91,83,81,75,0.4,4
DL,Ricardo Mathews,29,2011,74,70,81,78,76,32,0.5,1
DL,Daniel McCullers,24,2015,71,68,80,83,80,14,0.4,2
QB,Zach Mettenberger,25,2015,59,59,83,92,74,47,0.4,2
S,Mike Mitchell,29,2010,69,77,91,81,86,75,6.9,3
LB,Arthur Moats,28,2011,84,80,84,77,73,79,2.8,2
RB,Roosevelt Nix,24,2015,82,73,87,71,79,74,0.3,1
OL,Maurkice Pouncey,27,2011,88,80,90,91,91,89,15.6,4
RB,Daryl Richardson,26,2013,60,66,81,72,88,82,0.4,1
QB,Ben Roethlisbergr,34,2005,78,91,95,95,94,69,29.9,4
WR,Eli Rogers,24,2016,41,45,80,77,85,70,0.3,2
LB,Ryan Shazier,24,2015,84,78,82,86,85,87,4.8,2
S,Shamarko Thomas,25,2014,70,61,86,78,90,70,0.8,1
LB,Lawrence Timmons,30,2008,79,88,90,81,78,84,26.7,1
RB,Fitzgerald Toussaint,26,2015,72,63,88,76,87,76,0.4,1
DL,Stephon Tuitt,23,2015,70,80,80,86,80,22,1.8,2
OL,Alejandro Villanueva,28,2015,63,79,87,75,69,69,0.3,1
OL,Cody Wallace,32,2009,72,78,89,84,69,70,1.1,1
DL,Leterrius Walton,24,2016,65,64,83,80,76,21,0.4,3
OL,Greg Warren,35,2006,77,79,84,75,69,75,0.7,1
WR,Markus Wheaton,25,2014,73,81,89,83,89,81,0.9,1
LB,Vince Williams,27,2014,77,71,84,86,80,78,1.8,3
RB,DeAngelo Williams,33,2007,74,94,88,83,85,84,2.1,1
END_PLAYERS
######################################################################  BILLS
Buffalo Bills,BUF
LB,Bryson Albright,22,2017,50,45,90,45,59,64,0.3,3
LB,Lorenzo Alexander,33,2006,62,72,87,79,81,72,0.6,1
S,Colt Anderson,31,2010,69,69,86,74,83,66,0.5,1
S,Robert Blanton,27,2013,80,69,93,80,86,81,0.7,1
LB,Zach Brown,27,2013,70,77,83,88,76,85,0.8,1
LB,Preston Brown,24,2015,76,78,93,81,81,82,0.9,2
DL,Corbin Bryant,28,2012,79,66,83,81,76,10,1.1,1
RB,Reggie Bush,31,2007,69,77,74,77,86,82,1.2,1
K,Dan Carpenter,31,2009,64,61,79,91,82,61,3,2
WR,Charles Clay,27,2012,76,77,92,83,82,79,10,4
CB,Ronald Darby,22,2016,85,80,81,81,93,61,1.6,3
DL,Marcell Dareus,27,2012,90,84,89,89,90,28,21.7,6
DL,Leger Douzable,30,2009,81,74,81,77,78,17,0.6,1
WR,Jim Dray,30,2011,79,74,84,71,74,67,0.6,1
RB,Mike Gillislee,26,2014,64,61,87,79,86,82,0.4,1
CB,Stephon Gilmore,26,2013,71,84,89,81,90,62,6.7,1
OL,Cordy Glenn,27,2013,73,89,86,89,76,90,7.5,5
WR,Marquise Goodwin,26,2014,73,71,82,75,95,77,0.9,1
S,Corey Graham,31,2008,71,76,89,81,86,78,5.3,2
RB,Glenn Gronkowski,22,2017,45,50,84,67,78,69,0.4,3
OL,Ryan Groy,26,2015,68,58,83,80,65,69,0.4,1
OL,Seantrel Henderson,24,2015,77,76,75,79,71,65,0.4,2
DL,Jerry Hughes,28,2011,79,86,91,61,68,35,8.9,4
LB,Ramon Humber,29,2010,67,71,82,78,72,76,0.6,1
OL,Richie Incognito,33,2006,83,88,92,92,96,87,3.3,3
QB,Cardale Jones,24,2017,72,59,90,96,71,68,0.4,4
OL,Cyrus Kouandjio,23,2015,57,58,77,84,83,77,1.9,2
OL,Patrick Lewis,25,2014,65,69,89,84,78,77,1.1,1
QB,E.J. Manuel,26,2014,64,64,89,92,72,76,4.7,1
RB,LeSean McCoy,28,2010,90,85,89,84,90,91,12.3,4
LB,Lerentee McCray,26,2014,65,65,80,74,72,75,0.5,1
S,Jonathan Meeks,27,2014,68,49,89,72,85,65,0.4,1
OL,John Miller,23,2016,63,72,84,84,68,66,0.8,3
OL,Jordan Mills,26,2014,79,70,86,84,76,77,1.1,1
WR,Nick O'Leary,24,2016,78,62,88,84,75,66,0.3,2
WR,Walt Powell,25,2015,58,50,85,80,89,80,0.4,2
CB,Nickell Robey,24,2014,74,79,87,76,87,39,2,2
WR,Greg Salas,28,2012,73,68,87,82,85,78,0.5,1
OL,Garrison Sanborn,31,2010,55,64,84,77,65,64,1,2
K,Colton Schmidt,26,2015,56,60,82,84,84,60,0.4,1
CB,Kevon Seymour,23,2017,51,49,79,70,93,51,0.4,4
LB,Brandon Spikes,29,2011,71,77,90,95,90,81,0.5,1
WR,Brandon Tate,29,2010,68,79,84,74,87,83,0.5,1
QB,Tyrod Taylor,27,2012,89,85,89,91,83,80,9.6,6
DL,Adolphus Washington,23,2017,77,62,84,70,74,29,0.8,4
WR,Sammy Watkins,23,2015,80,86,89,88,92,90,11.3,2
CB,Corey White,26,2013,77,69,93,77,90,60,0.6,1
S,Duke Williams,26,2014,80,66,91,78,88,69,0.8,1
RB,Jonathan Williams,22,2017,70,56,84,74,85,83,0.5,4
S,Aaron Williams,26,2012,74,75,85,79,89,65,7.6,3
DL,Kyle Williams,33,2007,91,89,85,84,84,12,7.9,2
OL,Eric Wood,30,2010,87,88,83,86,84,85,9.8,2
WR,Robert Woods,24,2014,79,74,90,79,90,78,2.1,1
DL,Jerel Worthy,26,2013,62,65,83,77,78,15,0.4,2
END_PLAYERS
######################################################################  DOLPHINS
Miami Dolphins,MIA
S,Isa Abdul-Quddus,28,2012,73,70,85,78,87,71,3.7,3
S,Walt Aikens,25,2015,72,62,87,73,89,59,0.7,2
RB,Jay Ajayi,22,2016,78,66,79,80,87,84,0.5,3
OL,Branden Albert,32,2009,79,87,85,84,70,80,10.9,3
LB,Kiko Alonso,26,2014,70,81,85,92,79,83,0.7,1
DL,Andre Branch,27,2013,77,68,79,63,65,32,1.8,1
OL,Jermon Bushrod,32,2008,89,85,91,87,82,80,1,1
WR,Jordan Cameron,28,2012,80,78,82,84,85,81,7.6,1
WR,Leonte Carroo,22,2017,61,61,87,83,89,75,0.8,4
K,Matt Darr,23,2016,60,56,80,86,81,56,0.3,2
OL,John Denney,38,2006,71,87,87,74,52,65,1,1
QB,Brandon Doughty,22,2017,65,50,83,84,70,46,0.4,4
RB,Kenyan Drake,23,2017,74,63,82,76,91,83,0.9,4
DL,Terrence Fede,25,2015,70,55,86,71,72,23,0.4,2
RB,Arian Foster,30,2010,68,80,77,84,86,85,1.2,1
K,Andrew Franks,23,2016,63,59,81,86,79,59,0.3,2
WR,Jakeem Grant,23,2017,59,49,84,80,96,78,0.4,4
RB,MarQueis Gray,27,2014,74,65,85,74,80,79,0.4,1
LB,Neville Hewitt,22,2016,68,63,85,72,70,75,0.3,2
CB,Xavien Howard,23,2017,77,59,90,74,91,61,2.4,4
LB,Mike Hull,25,2016,65,58,88,83,84,75,0.3,1
WR,Justin Hunter,25,2014,79,71,81,73,89,79,2.5,1
OL,Ja'Wuan James,24,2015,74,76,86,83,76,82,4.1,2
LB,Jelani Jenkins,24,2014,78,75,87,79,76,81,0.8,1
DL,Jason Jones,30,2009,70,75,87,80,76,34,0.6,1
S,Reshad Jones,28,2011,83,87,86,87,87,83,7.8,2
WR,Jarvis Landry,24,2015,89,89,91,92,90,87,1.1,2
CB,Tony Lippett,24,2016,68,57,88,70,87,50,0.5,3
CB,Jordan Lucas,23,2017,55,49,85,74,91,68,0.4,4
CB,Byron Maxwell,28,2012,79,81,88,80,88,63,9.1,5
CB,Bobby McCain,23,2016,68,71,86,76,89,54,0.5,3
LB,Koa Misi,29,2011,84,87,91,90,80,85,4.6,2
DL,Earl Mitchell,29,2011,78,79,84,75,73,32,3.9,2
QB,Matt Moore,32,2008,82,78,85,81,77,55,1.5,2
WR,DeVante Parker,23,2016,70,70,82,83,91,80,5.4,3
LB,Spencer Paysinger,28,2012,75,71,84,84,76,78,0.6,1
RB,Isaiah Pead,27,2013,74,65,87,69,90,81,0.4,1
DL,Jordan Phillips,23,2016,76,63,74,83,78,18,1.5,3
OL,Mike Pouncey,27,2012,75,84,89,88,83,80,7.3,5
WR,Dion Sims,25,2014,62,62,80,74,79,72,0.8,1
OL,Anthony Steen,26,2015,63,50,84,78,67,72,0.3,1
WR,Kenny Stills,24,2014,83,76,88,80,92,79,0.4,1
DL,Ndamukong Suh,29,2011,72,81,95,93,86,28,24.3,5
QB,Ryan Tannehill,28,2013,76,78,94,91,79,75,16.4,4
S,Michael Thomas,27,2013,77,64,87,77,86,68,0.4,1
OL,Dallas Thomas,27,2014,76,77,86,83,68,68,1,1
OL,Laremy Tunsil,22,2017,75,72,91,88,81,84,6.2,4
OL,Billy Turner,25,2015,77,73,85,83,61,70,0.9,2
OL,Kraig Urbik,31,2010,79,78,88,87,71,69,0.9,2
DL,Cameron Wake,34,2010,86,90,88,70,72,25,5.4,3
DL,Julius Warmsley,26,2015,52,60,79,55,63,23,0.3,1
RB,Damien Williams,24,2015,73,59,85,79,89,82,0.3,1
DL,Mario Williams,31,2007,87,81,93,83,79,36,7.3,2
END_PLAYERS
######################################################################  PATRIOTS
New England Patriots,NE
K,Ryan Allen,26,2014,68,63,84,90,87,63,2.3,3
WR,Danny Amendola,31,2009,89,92,87,89,85,81,2.6,2
OL,David Andrews,24,2016,70,71,88,80,78,80,0.3,2
WR,Martellus Bennett,29,2009,76,79,87,82,78,75,7.1,1
RB,LeGarrette Blount,30,2011,81,88,88,88,85,82,0.7,1
RB,Brandon Bolden,26,2013,63,72,86,81,86,82,1,1
QB,Tom Brady,39,2001,86,99,98,94,94,49,29.8,2
DL,Alan Branch,32,2008,72,78,81,86,82,11,1.9,1
QB,Jacoby Brissett,24,2017,68,57,90,94,70,73,0.8,4
DL,Malcom Brown,23,2016,72,65,82,75,74,15,3.5,3
CB,Malcolm Butler,26,2015,88,83,85,82,89,69,0.3,1
OL,Marcus Cannon,28,2012,65,78,79,87,74,76,5.1,1
OL,Joe Cardona,25,2016,49,48,86,82,42,67,0.4,3
S,Patrick Chung,29,2010,87,79,94,82,87,78,2.9,3
CB,Justin Coleman,23,2016,62,60,86,74,88,56,0.3,1
LB,Jamie Collins,26,2014,89,87,90,92,82,90,1.4,1
OL,Jonathan Cooper,26,2014,72,74,79,86,73,71,8.3,1
WR,A.J. Derby,24,2016,39,40,82,76,82,73,0.4,3
RB,James Develin,28,2011,86,79,87,66,68,63,0.5,1
S,Nate Ebner,27,2013,62,53,95,74,85,74,0.8,2
WR,Julian Edelman,30,2010,86,95,89,94,86,85,2.7,2
OL,Cameron Fleming,24,2015,72,70,84,81,75,70,0.4,1
DL,Trey Flowers,23,2016,58,60,89,82,81,33,0.8,3
RB,D.J. Foster,21,2017,51,38,85,74,88,80,0.3,3
LB,Jonathan Freeny,27,2012,78,73,82,78,72,78,1.4,1
QB,Jimmy Garoppolo,25,2015,71,65,92,90,76,64,1.1,2
K,Stephen Gostkowski,32,2007,65,70,81,89,98,70,6.2,3
WR,Rob Gronkowski,27,2011,87,92,90,95,84,81,11.8,4
WR,Clay Harbor,29,2011,64,73,88,76,82,75,0.9,1
S,Duron Harmon,25,2014,62,64,87,76,87,66,0.9,1
LB,Dont'a Hightower,26,2013,84,87,91,95,90,85,4.9,1
WR,Chris Hogan,28,2012,70,74,85,82,85,78,2.5,3
DL,Anthony Johnson,23,2015,53,58,84,73,75,12,0.4,1
CB,Jonathan Jones,23,2017,62,41,78,63,95,40,0.3,3
CB,Cyrus Jones,22,2017,75,61,86,73,90,54,1.6,4
OL,Ted Karras,23,2017,54,54,90,84,71,68,0.4,4
S,Brandon King,22,2016,60,57,89,67,86,44,0.3,1
DL,Chris Long,31,2009,77,84,89,83,76,34,1.8,1
OL,Shaq Mason,23,2016,78,65,85,84,75,71,0.7,3
LB,Shea McClellin,27,2013,68,80,84,86,77,79,3.1,3
S,Devin McCourty,29,2011,78,87,91,85,90,70,14.2,4
LB,Barkevious Mingo,26,2014,74,71,87,82,76,82,9.4,1
WR,Malcolm Mitchell,24,2017,65,58,83,81,90,79,0.7,4
S,Jordan Richards,24,2016,74,55,90,76,86,73,1.1,3
LB,Elandon Roberts,21,2017,62,54,86,86,84,74,0.4,4
CB,Eric Rowe,23,2016,78,68,85,80,90,71,1.8,3
CB,Logan Ryan,25,2014,81,85,92,82,88,73,0.9,1
DL,Jabaal Sheard,27,2012,81,79,90,72,78,14,6.3,1
WR,Matthew Slater,31,2009,82,81,86,74,86,79,1.2,2
OL,Nate Solder,28,2012,72,86,87,83,78,80,13.8,2
OL,Joe Thuney,23,2017,76,58,90,82,80,79,0.9,4
DL,Vincent Valentine,22,2017,57,57,80,72,73,20,0.8,4
OL,LaAdrian Waddle,25,2014,61,72,83,87,73,71,0.9,2
RB,James White,24,2015,70,69,83,80,88,84,0.7,2
END_PLAYERS
######################################################################  JETS
New York Jets,NYJ
S,Antonio Allen,28,2013,75,73,86,80,83,79,0.5,1
WR,Robby Anderson,23,2017,63,41,82,72,94,75,0.3,3
WR,Brandon Bostick,27,2013,60,62,85,74,83,76,0.4,1
WR,Braedon Bowman,22,2017,43,35,86,76,76,75,0.4,3
CB,Juston Burris,22,2017,65,58,90,75,88,65,0.7,4
OL,James Carpenter,27,2012,71,80,87,90,88,79,4.8,3
LB,Bruce Carter,28,2012,77,72,77,83,79,82,0.6,1
DL,Mike Catapano,26,2014,64,53,87,77,72,46,0.4,1
OL,Ryan Clady,30,2009,75,90,80,85,74,84,6.1,2
WR,Kellen Davis,31,2009,59,66,86,69,81,64,0.7,1
WR,Eric Decker,29,2011,86,94,93,91,86,81,9,3
OL,Dakota Dozier,25,2015,61,55,87,81,72,69,0.6,2
K,Lachlan Edwards,24,2017,67,50,80,86,78,50,0.4,4
WR,Quincy Enunwa,24,2015,65,63,89,73,89,77,0.3,2
QB,Ryan Fitzpatrick,34,2006,84,87,86,86,83,59,13.8,1
K,Nick Folk,32,2008,61,60,77,88,85,60,1.9,2
RB,Matt Forte,31,2009,80,86,93,88,86,86,3.9,3
S,Marcus Gilchrist,28,2012,78,75,89,84,87,79,4.8,3
QB,Christian Hackenberg,21,2017,71,64,87,95,67,55,1.6,4
LB,David Harris,32,2008,72,90,92,84,81,80,4.5,2
LB,Erin Henderson,30,2009,71,78,87,86,80,79,1.6,2
RB,Julian Howsare,22,2016,53,45,79,32,76,43,0.3,2
OL,Ben Ijalana,27,2012,70,54,85,82,71,76,0.6,1
LB,Jordan Jenkins,22,2017,75,63,81,81,83,77,0.8,4
DL,Jarvis Jenkins,28,2012,81,77,77,86,79,17,1.9,2
OL,Wesley Johnson,25,2015,76,67,90,83,77,79,0.4,1
LB,Darron Lee,22,2017,62,69,89,77,75,80,4.9,4
OL,Nick Mangold,32,2007,75,94,93,89,82,80,12.7,2
WR,Jalin Marshall,21,2017,48,35,80,77,83,65,0.4,3
WR,Brandon Marshall,32,2007,80,93,93,92,87,84,5.4,2
S,Ronald Martin,23,2016,63,54,87,73,85,67,0.3,2
LB,Josh Martin,25,2014,58,60,84,76,77,72,0.4,1
LB,Lorenzo Mauldin,23,2016,76,65,84,79,78,76,0.8,3
DL,Steve McLendon,30,2010,68,81,84,81,84,10,3.2,3
S,Rontez Miles,28,2014,69,62,89,78,84,73,0.3,2
WR,Charone Peake,24,2017,68,50,82,75,93,81,0.4,4
QB,Bryce Petty,25,2016,57,48,83,91,77,63,0.8,3
RB,Troymaine Pope,23,2017,57,46,76,77,82,76,0.3,3
RB,Bilal Powell,28,2012,72,84,85,82,86,81,3.6,3
S,Calvin Pryor,24,2015,86,74,91,79,87,71,4.3,2
OL,Tanner Purdum,32,2011,49,52,85,74,59,65,0.8,1
OL,Brent Qvale,25,2015,60,53,87,76,73,75,0.3,2
CB,Darrelle Revis,31,2008,85,94,85,83,89,63,8.8,4
DL,Sheldon Richardson,26,2014,76,82,86,83,88,41,5.2,2
CB,Darryl Roberts,24,2016,53,49,79,69,92,40,0.4,3
OL,Brandon Shell,24,2017,68,55,90,82,78,73,0.5,4
DL,Deon Simon,26,2016,50,48,74,88,80,15,0.4,2
CB,Buster Skrine,27,2012,68,81,85,79,90,62,6.6,3
QB,Geno Smith,26,2014,75,66,91,91,77,74,2.3,1
LB,Julian Stanford,26,2013,76,60,80,81,80,82,0.4,1
DL,Lawrence Thomas,23,2017,53,60,79,55,63,23,0.4,3
DL,Muhammad Wilkerson,27,2012,79,86,92,89,90,15,16.6,5
CB,Marcus Williams,25,2015,82,78,88,72,86,39,0.3,1
DL,Leonard Williams,22,2016,87,76,82,82,82,37,10.1,3
OL,Brian Winters,25,2014,70,74,88,82,66,70,1,1
END_PLAYERS
######################################################################  TEXANS
Houston Texans,HOU
WR,Jace Amaro,24,2015,69,62,87,83,85,74,1.6,2
RB,Antonio Andrews,25,2015,67,77,92,83,81,81,0.4,1
LB,David Bass,26,2014,60,65,85,67,71,72,0.3,1
DL,Angelo Blackson,23,2016,58,54,82,71,74,18,0.8,3
S,Antwon Blake,26,2013,67,78,84,76,92,44,0.9,1
OL,Beau Brinkley,26,2013,58,45,84,69,50,62,1.1,4
S,Kevin Byard,23,2017,71,53,89,76,90,79,0.9,4
DL,Jurrell Casey,27,2012,95,89,88,86,86,17,11.6,3
QB,Matt Cassel,34,2006,68,78,87,84,79,51,1.3,1
OL,Jack Conklin,22,2017,71,72,92,84,84,81,10.8,4
CB,Perrish Cox,29,2011,82,83,86,81,86,54,4.6,2
LB,Kevin Dodd,24,2017,75,71,85,83,82,80,3.5,4
WR,Harry Douglas,31,2009,70,76,86,84,86,83,3.7,2
WR,Anthony Fasano,32,2007,74,83,88,75,75,62,2.5,1
RB,Jalston Fowler,24,2016,85,78,75,72,77,67,0.7,3
RB,Derrick Henry,22,2017,67,75,90,81,88,79,2.6,4
DL,Austin Johnson,22,2017,76,64,88,76,77,21,2.8,4
WR,Andre Johnson,35,2004,75,81,88,81,85,81,1.2,2
S,Rashad Johnson,30,2010,86,81,94,78,85,68,1.6,1
DL,DaQuan Jones,25,2015,74,72,83,80,81,13,0.8,2
OL,Ben Jones,27,2013,81,77,92,87,78,79,2.9,4
OL,Dennis Kelly,26,2013,75,67,88,86,82,71,0.3,2
K,Brett Kern,30,2009,72,74,70,85,90,74,3.1,4
OL,Josh Kline,27,2014,80,70,84,81,74,70,1.4,2
DL,Karl Klug,28,2012,80,74,84,75,70,16,1.9,1
OL,Taylor Lewan,25,2015,73,83,89,86,80,79,6,2
WR,Marc Mariani,29,2011,77,79,87,81,86,81,0.5,1
QB,Marcus Mariota,22,2016,84,76,95,89,80,81,13.5,3
WR,Rishard Matthews,27,2013,74,86,89,84,88,79,3.1,3
CB,Brice McCain,30,2010,77,77,85,76,90,50,2.5,2
CB,Jason McCourty,29,2010,78,83,82,83,91,73,11.3,2
LB,Derrick Morgan,27,2011,84,81,88,77,80,77,7.4,3
RB,Demarco Murray,28,2012,80,82,86,84,89,86,5.9,4
LB,Brian Orakpo,30,2010,82,85,84,86,88,82,7.4,3
LB,Nate Palmer,27,2014,66,66,86,80,80,77,0.4,1
OL,Brian Schwenke,25,2014,81,75,90,91,73,79,0.8,1
S,Da'Norris Searcy,28,2012,73,75,88,81,86,80,6.1,3
WR,Tajae Sharpe,22,2017,64,62,87,83,87,77,0.5,4
CB,LeShaun Sims,22,2017,52,51,86,67,88,41,0.5,4
OL,Quinton Spain,23,2016,67,59,89,84,72,81,0.3,2
LB,Sean Spence,27,2013,81,77,82,79,69,82,1.9,1
S,Daimion Stafford,25,2014,75,58,88,74,85,74,0.4,1
K,Ryan Succop,30,2010,65,69,85,85,82,69,2.3,2
WR,Phillip Supernaw,26,2013,67,68,85,75,80,72,0.4,1
QB,Alex Tanney,29,2013,65,52,86,86,77,59,0.3,1
OL,Sebastian Tretola,24,2017,58,53,87,85,72,66,0.4,4
WR,Delanie Walker,32,2007,93,90,85,89,85,75,6.3,2
LB,Aaron Wallace,23,2017,54,50,86,75,78,74,0.4,4
OL,Chance Warmack,25,2014,68,78,94,90,71,69,6.8,1
LB,Avery Williamson,24,2015,79,78,88,91,85,81,0.5,2
DL,Al Woods,29,2011,67,71,82,88,84,11,2.6,3
LB,Wesley Woodyard,30,2009,81,88,92,92,79,86,4.5,2
WR,Kendall Wright,27,2013,85,81,91,86,89,85,4.3,1
END_PLAYERS
######################################################################  COLTS
Indianapolis Colts,IND
S,Mike Adams,35,2005,78,82,84,78,81,67,1.5,1
WR,Dwayne Allen,26,2013,74,81,85,84,75,70,4.8,4
DL,Henry Anderson,24,2016,81,77,81,76,77,23,0.8,3
LB,Akeem Ayers,27,2012,81,76,92,82,77,79,3.8,1
OL,Austin Blythe,24,2017,70,54,94,82,78,74,0.4,4
WR,Quan Bray,23,2016,67,62,83,74,89,76,0.3,1
CB,Darius Butler,30,2010,75,74,90,78,87,61,2.4,1
OL,Anthony Castonzo,28,2012,84,85,85,84,78,78,15.9,4
OL,Le'Raven Clark,23,2017,63,57,89,77,74,75,0.8,4
LB,Trent Cole,34,2006,84,89,87,77,76,75,3.9,1
CB,Antonio Cromartie,32,2007,82,89,84,84,87,55,0.6,1
CB,Vontae Davis,28,2010,83,92,90,87,88,67,9.1,2
WR,Phillip Dorsett,24,2016,60,63,78,83,96,82,3.8,3
WR,Jack Doyle,26,2014,61,68,84,76,75,66,1.1,1
S,Matthias Farley,24,2017,60,49,82,73,87,69,0.4,3
RB,Josh Ferguson,22,2017,63,41,86,74,91,77,0.3,3
S,Clayton Geathers,24,2016,60,58,88,75,87,76,0.7,3
OL,Denzelle Good,24,2016,74,57,78,85,75,69,0.4,3
RB,Frank Gore,33,2006,79,90,90,82,82,82,2.5,2
S,T.J. Green,21,2017,69,50,86,75,93,78,1.7,4
S,Winston Guy,26,2013,61,61,88,73,83,68,0.4,1
OL,Joe Haeg,23,2017,73,58,91,83,78,75,0.5,4
OL,Jonotthan Harrison,25,2015,65,74,86,85,70,69,0.3,1
WR,T.Y. Hilton,27,2013,86,92,86,93,94,86,11.9,5
LB,D'Qwell Jackson,33,2007,81,86,88,90,84,81,4.2,2
LB,Edwin Jackson,22,2016,50,45,86,60,72,67,0.3,2
DL,Arthur Jones,30,2011,77,76,86,85,81,13,7.4,3
OL,Ryan Kelly,22,2017,80,73,89,84,83,80,6.6,4
DL,Zach Kerr,26,2015,65,63,77,82,79,23,0.3,1
DL,Kendall Langford,30,2009,84,85,87,80,80,18,3.2,3
QB,Andrew Luck,27,2013,76,87,96,95,81,74,20.4,5
LB,Curt Maggitt,23,2017,54,43,88,80,80,69,0.3,3
LB,Robert Mathis,35,2006,82,88,86,80,79,79,5.6,1
K,Pat McAfee,29,2010,80,68,86,92,93,68,2.4,3
DL,T.Y. McGill,25,2016,56,53,87,73,74,21,0.3,2
LB,Josh McNary,28,2014,78,68,95,79,74,75,0.4,1
CB,Rashaan Melvin,27,2014,58,65,83,75,90,56,0.4,1
OL,Jack Mewhort,25,2015,79,77,88,89,93,86,1.2,2
WR,Donte Moncrief,23,2015,77,78,87,87,91,79,0.8,2
LB,Sio Moore,26,2014,62,72,88,83,79,82,0.5,1
CB,Darryl Morris,26,2014,76,59,86,73,93,56,0.4,1
LB,Antonio Morrison,22,2017,70,61,83,81,80,77,0.6,4
OL,Matt Overton,31,2011,66,60,83,66,57,70,0.6,3
DL,David Parry,24,2016,64,71,81,86,81,14,0.5,3
OL,Joe Reitz,29,2009,80,83,86,86,78,83,1.7,2
DL,Hassan Ridgeway,22,2017,59,52,78,82,80,24,0.7,4
CB,Patrick Robinson,29,2011,85,79,85,78,86,58,3.2,3
WR,Chester Rogers,22,2017,36,35,80,77,83,65,0.3,3
RB,Erik Swoope,24,2015,61,35,80,66,79,77,0.3,1
RB,Jordan Todman,26,2012,75,60,82,76,89,83,0.5,1
QB,Scott Tolzien,29,2012,68,62,90,83,73,57,1.1,2
RB,Robert Turbin,27,2013,67,69,87,81,89,79,0.5,1
K,Adam Vinatieri,44,1997,78,75,84,83,88,75,2.1,2
LB,Erik Walden,31,2009,85,80,87,81,78,78,3.4,1
END_PLAYERS
######################################################################  JAGUARS
Jacksonville Jaguars,JAX
QB,Brandon Allen,24,2017,58,51,83,88,71,50,0.4,4
DL,Tyson Alualu,29,2011,77,82,86,81,79,12,1.9,1
CB,Prince Amukamara,27,2012,75,79,87,84,90,73,4.4,1
OL,Kelvin Beachum,27,2013,84,86,86,80,77,83,5.6,5
WR,Arrelious Benn,28,2011,62,66,81,72,83,81,0.5,1
QB,Blake Bortles,25,2015,83,81,95,93,81,71,11.7,2
LB,Arthur Brown,26,2014,76,67,87,87,78,81,1.3,1
OL,A.J. Cann,24,2016,64,72,87,87,67,70,0.9,3
S,Johnathan Cyprien,26,2014,68,69,90,79,88,73,2.6,1
DL,Sheldon Day,22,2017,63,57,87,75,77,25,0.7,4
DL,Dante Fowler Jr.,23,2016,70,66,79,68,74,49,13.1,3
S,Tashaun Gipson,26,2013,84,76,90,77,85,61,5.9,5
RB,Corey Grant,22,2016,64,48,77,69,96,73,0.3,2
CB,Dwayne Gratz,26,2014,63,70,94,80,88,73,1.1,1
WR,Rashad Greene,24,2016,69,66,84,78,88,78,0.5,3
QB,Chad Henne,31,2009,73,75,89,88,74,45,2.7,2
CB,Davon House,27,2012,78,77,86,72,88,52,3.8,3
S,Marqueston Huff,24,2015,75,58,89,75,89,72,0.8,2
WR,Allen Hurns,25,2015,83,89,89,92,88,81,5.1,5
RB,Chris Ivory,28,2011,86,89,79,87,89,81,5.9,5
LB,Myles Jack,21,2017,67,67,83,82,78,82,2.6,4
DL,Malik Jackson,26,2013,89,81,87,72,79,37,12.4,6
OL,Luke Joeckel,25,2014,82,79,89,83,77,77,12.4,1
CB,Josh Johnson,26,2014,59,51,81,64,86,37,0.3,2
DL,Abry Jones,25,2014,58,62,84,82,74,22,1.6,1
RB,Ben Koyack,24,2016,50,44,86,63,79,68,0.3,2
WR,Marqise Lee,25,2015,70,68,87,79,88,83,2.2,2
WR,Marcedes Lewis,32,2007,87,86,85,75,72,69,2.5,3
OL,Brandon Linder,24,2015,82,79,88,86,73,74,0.8,2
DL,Sen'Derrick Marks,29,2010,69,82,84,77,76,14,3.6,2
DL,Roy Miller,29,2010,78,82,88,82,81,14,2.8,3
K,Jason Myers,23,2016,75,59,75,91,78,59,0.3,2
DL,Yannick Ngakoue,23,2017,64,56,87,75,75,28,0.9,4
K,Brad Nortman,27,2013,79,68,84,85,85,68,1.4,4
DL,Jared Odrick,29,2011,72,83,81,80,77,14,5.3,4
OL,Patrick Omameh,27,2014,64,74,87,80,82,65,0.4,1
OL,Jermey Parnell,30,2010,83,79,82,84,82,75,4,4
LB,Paul Posluszny,32,2008,73,88,92,88,82,83,4.6,2
LB,Hayes Pullard,24,2016,68,64,87,76,73,76,0.4,3
CB,Jalen Ramsey,22,2017,83,71,87,82,93,72,12.7,4
OL,Chris Reed,24,2016,52,35,85,81,71,71,0.3,2
RB,Denard Robinson,26,2014,71,76,84,76,91,85,0.6,1
WR,Allen Robinson,23,2015,81,93,87,90,90,81,1.1,2
OL,Tyler Shatley,25,2015,68,60,84,95,77,73,0.3,1
LB,Dan Skuta,30,2010,70,80,88,86,79,76,2.6,4
LB,Telvin Smith,25,2015,71,79,85,84,73,82,0.5,2
DL,Chris Smith,24,2015,55,52,84,80,77,49,0.4,2
WR,Neal Sterling,24,2016,61,44,85,74,85,78,0.4,3
WR,Julius Thomas,28,2012,82,76,85,83,84,80,8.6,4
S,Peyton Thompson,26,2013,64,59,83,70,88,47,0.4,1
OL,Carson Tinker,27,2014,55,72,89,72,42,69,0.6,4
WR,Bryan Walters,29,2011,78,78,87,83,81,75,0.4,1
S,Jarrod Wilson,22,2017,44,45,80,66,83,52,0.3,3
RB,T.J. Yeldon,23,2016,83,78,83,84,88,84,2.4,3
END_PLAYERS
######################################################################  TITANS
Tennessee Titans,TEN
OL,Oday Aboushi,25,2014,64,69,90,76,66,73,0.6,1
OL,Jeff Allen,26,2013,66,68,81,85,83,72,4.9,4
WR,Stephen Anderson,23,2017,58,42,85,73,84,71,0.3,3
OL,Tony Bergstrom,30,2013,77,69,89,83,78,75,2,2
RB,Alfred Blue,25,2015,72,77,80,83,86,79,0.4,2
CB,A.J. Bouye,25,2014,70,69,82,75,86,54,1.1,1
OL,Duane Brown,31,2009,81,91,90,86,76,84,19.5,3
LB,Max Bullough,24,2015,66,69,91,76,81,74,0.4,2
OL,Chris Clark,31,2009,82,82,80,82,78,75,1.9,2
LB,Jadeveon Clowney,23,2015,81,76,76,78,79,82,12.7,2
DL,Christian Covington,22,2016,69,61,77,72,70,11,0.4,3
LB,Brian Cushing,29,2010,72,86,91,81,82,81,10.3,4
S,Quintin Demps,31,2009,64,72,87,77,87,69,0.9,1
LB,Akeem Dent,29,2012,73,75,89,87,84,76,2,1
S,K.J. Dillon,23,2017,72,52,87,73,88,74,0.5,4
RB,Tyler Ervin,23,2017,60,53,84,74,92,79,0.7,4
WR,C.J. Fiedorowicz,25,2015,76,59,91,70,81,68,0.9,2
WR,Will Fuller,22,2017,73,75,85,79,93,80,6.4,4
WR,Ryan Griffin,26,2014,72,64,86,74,74,72,0.4,1
RB,Jonathan Grimes,27,2013,71,67,88,81,86,81,0.6,1
S,Andre Hal,24,2015,65,73,86,74,91,51,0.4,2
DL,Joel Heath,23,2017,68,50,85,77,74,20,0.3,3
WR,DeAndre Hopkins,24,2014,88,96,93,97,92,84,3.7,2
CB,Kareem Jackson,28,2011,74,84,83,78,88,63,10.3,3
CB,Charles James,26,2014,62,72,84,73,90,47,0.4,1
CB,Kevin Johnson,24,2016,81,71,88,80,88,63,4.9,3
CB,Johnathan Joseph,32,2007,84,93,84,82,89,56,4.3,2
OL,Kendall Lamm,24,2016,65,63,88,77,71,78,0.3,2
K,Shane Lechler,40,2001,64,64,81,83,79,64,1.8,1
OL,Greg Mancz,24,2016,54,53,88,76,80,77,0.3,2
LB,Benardrick McKinney,23,2016,74,74,88,89,79,83,2.1,3
LB,Whitney Mercilus,26,2013,82,84,87,87,81,82,6.2,4
RB,Lamar Miller,25,2013,90,94,83,87,93,90,4.2,4
WR,Braxton Miller,24,2017,62,61,86,82,91,84,0.8,4
S,Corey Moore,23,2016,54,51,88,69,86,62,0.3,2
WR,Keith Mumphery,24,2016,71,59,89,77,88,79,0.4,3
OL,Derek Newton,29,2012,89,86,84,87,87,75,5.1,4
K,Nick Novak,35,2006,71,68,79,85,83,68,0.6,1
QB,Brock Osweiler,26,2013,75,74,92,96,77,61,11.6,4
LB,Brian Peters,28,2016,66,63,87,74,71,76,0.3,2
S,Eddie Pleasant,28,2013,60,61,91,74,85,73,0.7,2
RB,Jay Prosch,24,2015,68,68,92,72,80,68,0.4,2
DL,D.J. Reader,22,2017,63,57,86,82,77,20,0.5,4
QB,Tom Savage,26,2015,70,55,87,93,73,55,0.6,2
LB,Brennan Scarlett,23,2017,32,45,90,45,59,64,0.3,3
LB,John Simon,26,2014,78,66,89,83,76,77,1.1,1
DL,Devon Still,27,2013,66,60,78,77,76,15,0.4,1
WR,Jaelen Strong,22,2016,70,58,84,86,91,77,0.9,3
OL,Xavier Su'a-Filo,25,2015,74,71,88,85,78,71,2.4,2
DL,J.J. Watt,27,2012,91,94,96,92,91,44,17.4,6
QB,Brandon Weeden,33,2013,81,75,90,90,77,52,1.3,2
OL,Jon Weeks,30,2011,52,74,85,69,46,65,0.7,4
DL,Vince Wilfork,35,2005,91,94,87,90,90,21,4.9,1
END_PLAYERS
######################################################################  BRONCOS
Denver Broncos,DEN
RB,C.J. Anderson,25,2014,70,82,89,88,89,87,2.8,4
LB,Zaire Anderson,24,2016,46,40,90,60,66,65,0.3,1
LB,Shaquil Barrett,24,2015,87,83,87,76,74,77,0.3,1
RB,Kapri Bibbs,23,2015,68,51,88,75,83,79,0.3,1
RB,Devontae Booker,24,2017,61,64,90,78,87,81,0.4,4
DL,Jared Crick,27,2013,78,77,81,73,75,17,1.8,2
QB,Austin Davis,27,2013,68,66,87,85,74,71,1.4,2
LB,Todd Davis,24,2015,65,65,90,83,81,77,0.3,1
K,Riley Dixon,23,2017,60,50,86,83,79,50,0.4,4
CB,Lorenzo Doss,22,2016,75,62,87,66,89,36,0.5,3
OL,James Ferentz,27,2015,68,52,88,79,74,79,0.3,1
WR,Bennie Fowler,25,2015,77,70,79,80,93,79,0.3,1
OL,Max Garcia,24,2016,73,66,86,89,86,72,0.6,3
DL,Adam Gotsis,24,2017,59,61,84,79,77,26,1.5,4
WR,Virgil Green,28,2012,77,73,81,79,84,78,2.7,2
CB,Chris Harris Jr.,27,2012,92,95,91,85,91,60,10.4,4
WR,Jeff Heuerman,24,2016,61,57,85,77,79,71,0.8,3
RB,Andy Janovich,22,2017,68,55,85,69,79,71,0.4,4
S,Shiloh Keo,29,2012,68,61,92,72,80,75,0.5,1
DL,Darius Kilgo,24,2016,57,51,82,87,79,24,0.4,3
OL,Casey Kreiter,26,2015,55,60,87,68,46,72,0.3,1
WR,Cody Latimer,24,2015,53,48,85,78,90,78,1.3,2
QB,Paxton Lynch,22,2017,69,68,92,93,78,71,5.8,4
LB,Brandon Marshall,27,2013,92,91,88,93,85,87,5,4
OL,Connor McGovern,23,2017,65,58,90,87,76,71,0.5,4
K,Brandon McManus,25,2015,76,66,85,92,84,66,0.3,1
LB,Von Miller,27,2012,96,92,92,94,90,88,11.9,6
LB,Corey Nelson,24,2015,61,54,82,79,78,73,0.4,2
WR,Jordan Norwood,30,2010,78,77,79,82,82,81,0.6,1
OL,Russell Okung,29,2011,76,87,84,84,79,79,24.1,5
OL,Matthew Paradis,27,2015,67,70,85,84,84,76,0.3,1
S,William Parks,22,2017,65,53,87,73,85,74,0.4,4
DL,Kyle Peko,23,2017,37,35,78,80,65,27,0.3,3
WR,John Phillips,29,2010,75,74,91,75,76,65,0.5,1
LB,Shane Ray,23,2016,76,66,84,74,75,76,4.4,3
CB,Bradley Roby,24,2015,84,81,84,77,93,53,3.3,2
OL,Ty Sambrailo,24,2016,60,69,85,77,75,78,1.2,3
WR,Emmanuel Sanders,29,2011,86,88,86,94,93,82,6.1,4
OL,Michael Schofield,26,2015,72,75,84,76,66,64,0.8,2
QB,Trevor Siemian,24,2016,59,52,82,79,73,66,0.4,3
S,Justin Simmons,23,2017,65,57,86,78,88,79,0.8,4
OL,Donald Stephenson,28,2013,78,72,86,84,77,71,3.3,3
S,Darian Stewart,28,2011,75,82,89,82,84,71,2.4,1
CB,Aqib Talib,30,2009,86,89,88,84,88,61,8.6,4
WR,Jordan Taylor,24,2016,42,40,80,83,88,71,0.3,1
WR,Demaryius Thomas,29,2011,88,88,90,86,91,87,13.9,4
S,T.J. Ward,30,2011,70,77,93,80,88,76,6.9,2
LB,DeMarcus Ware,34,2006,87,88,87,73,79,80,10.6,1
LB,Dekoda Watson,28,2011,61,64,80,73,69,77,0.5,1
CB,Kayvon Webster,25,2014,64,62,91,77,90,71,0.9,1
OL,Darrion Weems,28,2013,77,65,80,83,67,69,0.4,1
DL,Sylvester Williams,28,2014,70,75,84,79,75,17,3.9,1
DL,Billy Winn,27,2013,62,66,84,73,75,14,0.5,1
DL,Derek Wolfe,26,2013,81,86,89,84,84,20,6.4,4
END_PLAYERS
######################################################################  CHIEFS
Kansas City Chiefs,KC
CB,Kenneth Acker,24,2015,68,80,82,76,88,46,0.4,2
LB,D.J. Alexander,24,2016,63,53,76,77,72,75,0.5,3
DL,Allen Bailey,27,2012,77,77,89,83,79,39,9.8,3
LB,Sam Barrington,26,2014,62,70,90,87,80,81,0.4,1
S,Eric Berry,28,2011,76,87,90,86,91,77,6.9,1
QB,Tyler Bray,25,2014,59,52,83,93,72,49,1.1,2
RB,Jamaal Charles,30,2009,79,89,86,87,91,92,7,2
K,Dustin Colquitt,34,2006,75,69,89,84,86,69,5.4,2
WR,Chris Conley,23,2016,77,60,85,77,93,80,0.9,3
RB,Knile Davis,25,2014,67,61,79,77,92,81,0.9,1
OL,Laurent Duvernay-Tard,25,2015,72,70,89,90,71,68,0.4,2
OL,Parker Ehinger,24,2017,72,56,83,80,78,76,0.7,4
OL,Eric Fisher,25,2014,70,80,91,82,74,77,14.8,4
QB,Nick Foles,27,2013,67,69,84,90,75,47,1.1,1
LB,Dee Ford,25,2015,63,65,86,76,81,78,4,2
OL,Zach Fulton,25,2015,68,66,86,83,70,68,0.4,2
CB,Phillip Gaines,25,2015,64,71,84,74,93,43,0.8,2
LB,Tamba Hali,33,2007,79,93,89,81,85,81,6.5,3
WR,Demetrius Harris,25,2014,66,55,83,76,86,79,1.3,3
WR,Tyreek Hill,22,2017,67,50,83,74,95,76,0.5,4
DL,Jaye Howard,28,2013,78,82,80,71,76,32,3.3,2
LB,Derrick Johnson,34,2006,80,96,89,86,80,85,13.4,3
DL,Chris Jones,22,2017,65,65,86,83,80,24,3.3,4
WR,Travis Kelce,27,2014,88,85,84,85,85,80,6.1,5
WR,Jeremy Maclin,28,2010,84,89,84,93,92,87,12.9,4
LB,Justin March,23,2016,50,45,90,60,70,64,0.3,2
OL,Mitch Morse,24,2016,76,71,85,92,82,77,1.7,3
LB,Dezman Moses,27,2013,72,62,87,71,73,75,0.4,1
S,Eric Murray,22,2017,68,55,89,75,89,70,0.7,4
CB,Steven Nelson,23,2016,74,61,91,74,90,60,0.8,3
LB,Dadi Nicolas,24,2017,62,59,88,74,72,77,0.4,4
DL,Rakeem Nunez-Roches,23,2016,66,52,80,75,78,11,0.4,3
WR,James O'Shaughnessy,24,2016,60,53,81,79,83,75,0.5,3
S,Ron Parker,29,2012,74,78,83,79,90,66,5.6,4
CB,Marcus Peters,24,2016,80,83,87,79,90,54,4.6,3
DL,Dontari Poe,26,2013,71,83,92,92,87,23,6.3,1
OL,Jah Reid,28,2012,65,78,89,91,75,68,2.1,3
WR,Demarcus Robinson,22,2017,70,57,86,75,88,78,0.6,4
CB,KeiVarae Russell,23,2017,67,60,86,78,90,69,0.9,4
K,Cairo Santos,25,2015,56,58,84,86,82,58,0.3,1
OL,Mitchell Schwartz,27,2013,89,85,87,85,83,92,4.8,5
RB,Anthony Sherman,28,2012,79,77,90,68,78,68,2.7,2
QB,Alex Smith,32,2006,79,86,91,85,86,66,20.6,3
S,Daniel Sorensen,26,2015,61,61,90,75,83,72,0.3,1
WR,De'Anthony Thomas,23,2015,81,71,76,80,91,85,0.7,2
WR,Ross Travis,23,2016,40,30,82,77,78,78,0.3,2
RB,Spencer Ware,25,2014,68,73,88,86,85,79,1.1,2
RB,Charcandric West,25,2015,69,70,82,80,90,83,0.8,3
CB,D.J. White,23,2017,65,52,89,73,89,60,0.4,4
DL,Nick Williams,26,2014,74,68,84,78,76,12,0.3,1
WR,Albert Wilson,24,2015,65,78,85,83,90,79,0.3,1
OL,James Winchester,27,2014,46,50,75,67,46,50,0.3,1
OL,Bryan Witzmann,26,2015,64,63,85,76,77,69,0.3,1
LB,Frank Zombo,29,2011,69,74,87,82,75,76,0.8,3
END_PLAYERS
######################################################################  RAIDERS
Oakland Raiders,OAK
OL,Vadal Alexander,22,2017,68,58,87,84,74,66,0.4,4
S,Nate Allen,29,2011,84,76,82,80,87,71,1.9,1
CB,David Amerson,25,2014,69,82,86,81,90,69,5.5,4
DL,Denico Autry,26,2015,69,61,83,70,72,18,0.4,1
LB,Daren Bates,26,2014,72,58,89,79,71,74,0.4,1
LB,Shilique Calhoun,24,2017,61,62,89,79,79,77,0.9,4
QB,Derek Carr,25,2015,85,80,91,95,86,65,2.3,2
CB,Travis Carrie,26,2015,73,73,78,82,90,66,0.4,2
OL,Jon Condo,35,2006,60,79,84,71,51,65,1.3,1
QB,Connor Cook,23,2017,67,75,91,90,76,54,0.8,4
WR,Amari Cooper,22,2016,83,81,85,81,92,88,12.6,3
WR,Michael Crabtree,29,2010,74,87,91,84,88,84,5.7,4
DL,Justin Ellis,26,2015,74,69,83,79,81,26,0.8,2
OL,Jon Feliciano,24,2016,61,65,87,81,74,76,0.7,3
CB,Antonio Hamilton,23,2017,46,45,73,63,82,49,0.3,3
CB,D.J. Hayden,26,2014,60,69,80,79,90,66,5.6,1
LB,Ben Heeney,23,2016,77,73,85,79,76,79,0.5,3
WR,Andre Holmes,28,2012,66,74,82,77,87,76,1.3,1
WR,Johnny Holton,25,2017,57,41,87,73,92,81,0.3,3
OL,Austin Howard,29,2011,74,83,84,87,78,86,7.9,3
OL,Rodney Hudson,27,2012,72,88,90,82,82,90,5.6,4
LB,Bruce Irvin,26,2013,72,75,91,89,80,83,7.7,4
OL,Gabe Jackson,25,2015,79,83,86,91,86,90,0.9,2
LB,Cory James,23,2017,58,50,88,79,75,74,0.4,4
K,Sebastian Janikowski,38,2001,74,63,82,92,80,63,7.4,2
RB,Taiwan Jones,28,2012,66,74,84,76,92,84,0.9,2
S,Karl Joseph,21,2017,68,63,85,79,87,78,7.7,4
K,Marquette King,28,2013,75,66,84,89,86,66,2.1,5
DL,Darius Latham,22,2017,62,41,84,69,72,20,0.3,3
DL,Khalil Mack,25,2015,92,83,95,79,84,53,10.4,2
OL,Matt McCants,27,2013,77,67,90,80,71,75,0.8,1
CB,Dexter McDonald,24,2016,50,47,83,68,91,45,0.4,3
DL,Stacy McGee,26,2014,68,71,80,80,74,14,0.4,1
CB,Keith McGill,27,2015,57,57,80,76,87,66,0.8,2
QB,Matt McGloin,27,2014,72,69,87,79,74,57,1.6,1
RB,Latavius Murray,25,2014,75,78,80,85,92,85,0.4,1
S,Reggie Nelson,33,2008,78,81,93,84,89,72,2.7,2
RB,Jamize Olawale,27,2013,67,71,86,69,85,69,1.3,3
OL,Kelechi Osemele,27,2013,91,87,85,90,85,79,7.6,5
OL,Donald Penn,33,2007,73,90,86,88,79,88,3.8,2
RB,Marcel Reece,31,2009,82,84,91,80,86,78,4.9,1
RB,Jalen Richard,23,2017,64,46,76,77,82,76,0.3,3
WR,Mychal Rivera,26,2014,81,75,88,81,77,73,0.4,1
WR,Seth Roberts,25,2015,76,79,86,78,90,78,0.3,1
LB,Malcolm Smith,27,2012,75,79,83,82,72,82,3.6,1
CB,Sean Smith,29,2010,82,90,88,86,87,65,8.9,4
WR,Lee Smith,29,2012,72,73,84,69,71,67,1.9,2
S,Brynden Trawick,27,2014,64,48,88,75,84,74,0.5,1
WR,Clive Walford,22,2016,79,68,86,82,79,73,0.9,3
DL,Jihad Ward,22,2017,61,64,89,74,77,25,2.8,4
RB,DeAndre Washington,23,2017,60,50,90,75,90,79,0.5,4
OL,Menelik Watson,28,2014,65,71,83,84,79,73,2.1,1
DL,Dan Williams,29,2011,83,91,89,91,90,12,3.9,3
END_PLAYERS
######################################################################  CHARGERS
Los Angeles Chargers,LAC
S,Jahleel Addae,26,2014,80,68,89,79,82,74,1.6,1
WR,Keenan Allen,24,2014,84,89,88,91,89,85,7.2,4
LB,Jeremiah Attaochu,23,2015,74,78,86,78,76,80,1.6,2
OL,Joe Barksdale,28,2012,84,82,85,88,78,85,3.8,4
WR,Travis Benjamin,27,2013,83,84,80,84,93,83,3.9,4
DL,Joey Bosa,22,2017,65,68,87,77,73,35,14.2,4
LB,Jatavis Brown,23,2017,71,52,88,78,81,75,0.4,4
WR,Isaiah Burse,25,2015,61,47,86,75,86,79,0.3,1
OL,Tyreek Burwell,22,2016,58,51,83,82,75,71,0.3,2
DL,Ryan Carrethers,25,2015,76,61,87,89,83,20,0.5,2
QB,Kellen Clemens,33,2007,82,72,84,84,76,53,1.1,1
CB,Pierre Desir,26,2015,62,64,86,75,87,54,0.7,2
OL,King Dunlap,31,2009,86,84,78,89,81,78,7.9,3
LB,Nick Dzubnar,23,2016,74,66,89,85,79,73,0.3,2
LB,Kyle Emanuel,25,2016,61,66,86,70,76,74,0.5,3
RB,Kenneth Farrow,23,2017,50,41,86,74,86,77,0.3,3
CB,Brandon Flowers,30,2009,81,87,89,81,86,63,10,3
OL,D.J. Fluker,25,2014,77,81,87,89,70,65,6,2
OL,Orlando Franklin,29,2012,80,82,86,93,73,70,7.9,4
WR,Antonio Gates,36,2004,83,92,82,90,78,79,6,2
RB,Melvin Gordon,23,2016,66,70,88,78,91,88,5.3,3
OL,Chris Hairston,27,2012,71,79,86,83,69,67,0.9,2
CB,Casey Hayward,27,2013,71,87,83,79,87,53,3.5,3
WR,Hunter Henry,22,2017,63,65,91,80,84,73,3.4,4
LB,Melvin Ingram,27,2013,81,82,87,81,83,83,4.4,1
WR,Dontrelle Inman,27,2015,65,77,86,81,87,81,0.4,1
K,Drew Kaser,23,2017,53,50,73,90,85,50,0.4,4
K,Josh Lambo,26,2016,61,58,81,88,80,58,0.3,2
DL,Corey Liuget,27,2012,80,83,89,86,85,17,9.2,5
S,Dwight Lowery,30,2009,80,78,88,81,82,74,1.5,3
CB,Craig Mager,24,2016,64,55,89,75,90,65,0.8,3
S,Dexter McCoil,25,2016,39,45,80,66,83,52,0.3,3
WR,Sean McGrath,29,2013,65,71,86,75,77,69,0.3,1
DL,Brandon Mebane,31,2008,80,86,87,86,84,12,8.2,3
DL,Tenny Palepoi,26,2015,63,64,82,84,81,18,0.3,1
LB,Joshua Perry,22,2017,62,62,90,85,81,76,0.7,4
LB,Denzel Perryman,24,2016,64,74,90,86,86,79,1.8,3
S,Adrian Phillips,24,2015,62,54,87,74,86,69,0.4,1
DL,Darius Philon,22,2016,73,53,84,74,74,33,0.4,3
OL,Spencer Pulley,23,2017,66,42,86,83,76,76,0.3,3
DL,Caraun Reid,25,2015,63,66,78,70,69,19,0.5,2
QB,Philip Rivers,35,2005,80,94,97,88,88,45,23.7,4
OL,Matt Slauson,30,2010,83,85,87,90,88,86,0.9,2
DL,Damion Square,27,2014,71,57,82,75,73,13,0.4,1
S,Darrell Stuckey,27,2011,77,64,81,78,86,68,2.4,2
LB,Manti Te'o,25,2014,68,84,91,87,78,83,2.3,1
OL,Max Tuerk,22,2017,70,66,86,79,79,77,0.9,4
CB,Jason Verrett,25,2015,74,82,88,82,93,58,3.8,2
RB,Derek Watt,23,2017,59,53,90,72,81,72,0.4,4
OL,Kenny Wiggins,28,2012,71,75,86,84,76,70,0.4,1
WR,Tyrell Williams,24,2016,60,51,84,72,91,80,0.3,2
RB,Andre Williams,24,2015,62,71,84,82,86,78,0.8,2
LB,Tourek Williams,25,2014,54,54,83,79,79,73,0.4,1
OL,Mike Windt,31,2011,53,72,83,73,55,65,0.6,1
RB,Danny Woodhead,31,2009,88,93,83,82,88,84,3.7,1
END_PLAYERS
######################################################################  BEARS
Chicago Bears,CHI
LB,Sam Acho,28,2012,68,74,86,83,77,77,0.6,1
OL,Mike Adams,26,2013,62,74,85,81,76,67,0.5,1
S,Adrian Amos,23,2016,81,72,85,74,93,54,0.5,3
LB,Jonathan Anderson,22,2016,72,69,88,78,79,79,0.3,1
K,Connor Barth,30,2009,62,66,78,83,82,66,0.6,1
WR,Josh Bellamy,27,2013,66,72,87,76,87,76,0.5,1
DL,Jonathan Bullard,23,2017,73,58,87,71,74,29,0.9,4
S,Deon Bush,23,2017,61,58,87,75,87,67,0.7,4
CB,Bryce Callahan,25,2016,59,63,86,71,94,39,0.3,1
RB,Ka'Deem Carey,24,2015,76,63,90,81,84,81,0.8,2
QB,Jay Cutler,33,2007,84,77,88,97,85,57,13.8,5
LB,Leonard Floyd,24,2017,73,65,86,83,77,81,10.8,4
LB,Jerrell Freeman,30,2013,88,88,88,90,80,84,2.5,3
CB,Kyle Fuller,24,2015,85,81,89,82,91,67,4.9,2
CB,Jacoby Glenn,22,2016,69,52,84,70,84,55,0.3,1
DL,Eddie Goldman,23,2016,68,75,84,78,79,13,2.3,3
CB,Deiondre' Hall,22,2017,54,47,86,72,88,56,0.6,4
DL,Akiem Hicks,27,2013,71,79,86,77,79,17,3.4,2
LB,Lamarr Houston,29,2011,75,84,84,82,84,78,6.7,4
S,DeAndre Houston-Carso,23,2017,54,49,89,76,88,77,0.4,4
RB,Jordan Howard,22,2017,54,54,83,78,86,78,0.5,4
QB,Brian Hoyer,31,2010,67,73,83,90,78,55,1.6,1
WR,Alshon Jeffery,26,2013,92,90,90,96,90,83,10.2,1
LB,Christian Jones,25,2015,76,77,89,80,76,81,0.3,1
S,Harold Jones-Quartey,23,2016,63,65,91,77,86,65,0.3,2
OL,Eric Kush,27,2014,73,60,85,79,78,75,0.8,1
LB,Nick Kwiatkoski,23,2017,70,54,87,84,79,77,0.7,4
RB,Jeremy Langford,24,2016,78,69,84,85,91,81,0.7,3
OL,Ted Larsen,29,2011,61,71,88,79,76,71,1.3,1
RB,Paul Lasike,23,2016,63,48,87,74,77,75,0.3,1
CB,Cre'von LeBlanc,22,2017,55,44,82,65,87,51,0.4,3
OL,Charles Leno Jr.,25,2015,76,74,85,77,72,68,0.4,2
OL,Kyle Long,28,2014,68,76,90,82,80,71,5.3,6
OL,Bobby Massie,27,2013,65,73,88,83,83,72,3.9,3
CB,Sherrick McManis,29,2011,65,75,80,78,86,59,0.9,2
WR,Cameron Meredith,23,2016,65,55,87,74,89,75,0.3,2
WR,Zach Miller,32,2010,69,75,80,84,84,76,2.2,2
K,Pat O'Donnell,25,2015,64,66,81,86,81,66,0.4,2
WR,Logan Paulsen,29,2011,70,75,87,68,72,66,0.6,1
CB,Tracy Porter,30,2009,75,79,76,75,88,45,2.5,3
S,Chris Prosinski,29,2012,69,61,87,77,89,72,0.5,1
WR,Eddie Royal,30,2009,83,80,86,85,89,83,3.1,2
OL,Patrick Scales,28,2012,63,62,84,69,42,69,0.3,1
WR,Greg Scruggs,26,2013,69,58,83,68,78,56,0.4,1
OL,Josh Sitton,30,2009,85,88,84,91,88,96,4.6,3
DL,Will Sutton,25,2015,76,74,81,77,72,22,0.8,2
WR,Deonte Thompson,27,2013,65,62,80,71,91,78,0.5,1
LB,Danny Trevathan,26,2013,85,86,91,94,81,85,3.9,4
DL,Mitch Unrein,29,2011,72,71,84,79,77,11,0.7,2
DL,Cornelius Washington,27,2014,63,50,79,83,76,50,0.4,1
WR,Kevin White,24,2016,66,53,89,88,93,81,8.9,3
OL,Cody Whitehair,24,2017,66,67,89,74,79,76,1.7,4
LB,Willie Young,31,2011,80,85,85,74,76,79,3.5,1
END_PLAYERS
######################################################################  LIONS
Detroit Lions,DET
RB,Ameer Abdullah,23,2016,74,75,85,79,88,86,1.4,3
DL,Ziggy Ansah,27,2014,85,81,88,79,77,45,10.4,2
LB,Thurston Armbrister,22,2016,56,53,82,74,73,73,0.3,2
CB,Johnson Bademosi,26,2013,64,66,89,79,90,67,1.4,2
CB,Adairius Barnes,22,2017,44,45,73,63,82,49,0.3,3
WR,Anquan Boldin,36,2004,71,80,89,88,81,83,1.8,1
RB,Mike Burton,24,2016,84,79,84,66,81,67,0.5,3
S,Rafael Bush,29,2011,67,71,83,78,86,67,0.9,1
S,Don Carey,29,2010,64,64,86,76,85,64,1.3,1
DL,Stefan Charles,28,2014,63,69,83,73,73,22,1.1,1
WR,Orson Charles,25,2013,68,68,88,71,79,73,0.4,1
DL,Brandon Copeland,25,2014,57,56,84,77,73,48,0.3,1
OL,Joe Dahl,23,2017,64,53,91,84,76,78,0.5,4
OL,Taylor Decker,22,2017,63,67,90,86,79,76,7,4
CB,Quandre Diggs,24,2016,69,74,89,75,87,58,0.4,3
WR,Eric Ebron,23,2015,63,68,88,78,86,82,6.5,2
DL,Wallace Gilberry,32,2009,73,81,86,68,67,27,1,1
OL,Graham Glasgow,22,2017,75,64,89,84,78,78,0.8,4
DL,Kerry Hyder,25,2015,63,60,79,70,68,23,0.3,1
WR,Marvin Jones,26,2013,86,88,84,88,88,81,5.1,5
S,Miles Killebrew,23,2017,66,48,88,77,87,83,0.7,4
CB,Nevin Lawson,25,2015,80,73,89,79,88,68,0.6,2
WR,Khari Lee,24,2016,60,66,86,74,76,70,0.3,2
LB,DeAndre Levy,29,2010,74,90,92,96,82,87,11.6,4
OL,Cornelius Lucas,25,2015,71,70,80,75,77,76,0.3,1
K,Sam Martin,26,2014,76,61,84,91,83,61,0.5,1
OL,Don Muhlbach,35,2005,65,82,84,77,62,52,0.8,1
DL,Haloti Ngata,32,2007,73,87,91,89,87,14,3.8,2
QB,Dan Orlovsky,33,2006,67,75,90,80,74,44,0.8,1
K,Matt Prater,32,2007,71,66,74,91,83,66,2.3,2
WR,Andrew Quarless,28,2011,65,76,87,78,80,66,0.5,1
S,Glover Quin,30,2010,74,81,89,82,84,73,8.6,2
OL,Riley Reiff,28,2013,71,75,94,87,86,82,4.1,1
RB,Theo Riddick,25,2014,77,84,89,80,86,88,0.4,1
WR,Andre Roberts,28,2011,81,77,88,78,88,80,3,1
DL,A'Shawn Robinson,21,2017,75,66,89,83,83,23,2.5,4
OL,Corey Robinson,24,2016,70,52,81,85,75,75,0.4,3
CB,Darius Slay,25,2014,81,86,86,81,93,58,8.5,4
QB,Matthew Stafford,28,2010,83,84,94,98,89,59,28.1,2
OL,Travis Swanson,25,2015,70,76,90,82,72,70,0.9,2
WR,Golden Tate,28,2011,76,91,91,93,90,89,10.6,3
DL,Devin Taylor,27,2014,67,68,85,61,64,32,0.6,1
DL,Khyri Thornton,27,2015,69,55,82,82,76,27,0.8,2
OL,Laken Tomlinson,24,2016,69,68,86,87,72,80,4.1,3
LB,Kyle Van Noy,26,2015,69,66,84,82,74,78,2.1,2
DL,Tyrunn Walker,26,2013,66,71,80,77,73,13,1.5,1
OL,Larry Warford,25,2014,72,78,92,87,71,72,1.1,1
RB,Dwayne Washington,22,2017,61,57,80,72,90,80,0.4,4
LB,Tahir Whitehead,26,2013,71,82,88,91,81,85,2.6,2
WR,Cole Wick,23,2017,40,30,82,77,78,78,0.3,3
LB,Antwione Williams,23,2017,64,59,90,83,79,76,0.4,4
S,Tavon Wilson,26,2013,74,68,92,77,86,69,1.6,2
RB,Zach Zenner,22,2016,63,62,84,81,86,77,0.3,2
DL,Anthony Zettel,24,2017,72,53,90,78,78,30,0.4,4
END_PLAYERS
######################################################################  PACKERS
Green Bay Packers,GB
WR,Jared Abbrederis,26,2015,67,67,88,79,88,73,0.3,2
WR,Davante Adams,24,2015,78,71,87,77,87,80,1.4,2
OL,David Bakhtiari,25,2014,70,83,83,80,70,85,1.5,1
S,Chris Banjo,26,2014,67,59,87,77,87,67,0.4,1
OL,Don Barclay,27,2013,71,75,87,80,65,61,0.4,1
S,Kentrell Brice,22,2017,59,41,87,74,91,66,0.3,3
OL,Bryan Bulaga,27,2011,84,84,83,87,73,82,8.3,4
S,Morgan Burnett,27,2011,84,76,86,83,87,79,9.3,2
QB,Joe Callahan,23,2017,57,45,89,84,70,54,0.3,3
DL,Kenny Clark,21,2017,75,69,89,82,77,25,5.8,4
S,Ha Ha Clinton-Dix,24,2015,66,75,90,81,87,78,4.1,2
WR,Randall Cobb,26,2012,86,86,89,85,92,87,13.7,3
WR,Jared Cook,29,2010,83,76,84,75,86,79,2.3,1
K,Mason Crosby,32,2008,76,66,87,88,84,66,5,4
DL,Mike Daniels,27,2013,89,85,87,83,84,16,12.3,4
WR,Trevor Davis,23,2017,71,58,85,77,92,77,0.5,4
LB,Jay Elliott,25,2015,63,64,87,74,72,74,0.3,1
S,Marwin Evans,23,2017,60,40,87,71,90,64,0.3,3
LB,Kyler Fackrell,25,2017,57,55,84,83,79,76,0.8,4
OL,Brett Goode,32,2009,58,75,82,73,70,67,0.6,1
CB,Demetri Goodson,27,2015,59,59,78,72,89,46,0.4,2
DL,Letroy Guion,29,2009,69,76,84,79,74,17,2.3,3
CB,Ladarius Gunter,22,2016,72,53,86,73,88,69,0.3,2
CB,Josh Hawkins,23,2017,61,45,84,63,93,24,0.3,3
QB,Brett Hundley,23,2016,64,54,88,91,77,75,0.5,3
S,Micah Hyde,26,2014,79,75,86,80,88,72,0.9,1
WR,Jeff Janis,25,2015,63,69,86,80,92,78,0.4,2
LB,Datone Jones,26,2014,84,73,84,71,76,73,3.9,1
RB,Eddie Lacy,25,2014,79,86,91,84,87,86,2.5,1
OL,T.J. Lang,29,2010,92,91,88,84,84,87,7.7,1
OL,Corey Linsley,26,2015,71,78,87,92,82,81,0.5,2
DL,Dean Lowry,23,2017,57,50,89,81,81,30,0.4,4
LB,Blake Martinez,22,2017,63,62,92,84,83,75,0.4,4
LB,Clay Matthews,30,2010,88,88,93,85,85,84,20.7,3
WR,Ty Montgomery,24,2016,73,64,85,79,89,82,0.8,3
OL,Kyle Murphy,23,2017,54,55,89,75,77,76,0.4,4
WR,Jordy Nelson,31,2009,93,92,89,96,88,82,12.6,3
LB,Julius Peppers,36,2003,88,89,89,80,81,85,11.1,1
WR,Justin Perillo,25,2015,63,60,83,80,80,70,0.4,1
LB,Nick Perry,26,2013,84,79,88,82,82,82,5.7,1
RB,Jhurell Pressley,24,2017,52,50,76,77,82,61,0.4,3
CB,Damarious Randall,24,2016,80,72,87,78,90,59,3.6,3
DL,Christian Ringo,24,2016,66,48,78,75,70,22,0.3,1
RB,Aaron Ripkowski,24,2016,72,62,82,62,82,61,0.4,3
QB,Aaron Rodgers,33,2006,90,91,96,98,91,66,33,4
WR,Richard Rodgers,24,2015,83,81,82,84,78,76,0.8,2
CB,Quinten Rollins,24,2016,65,64,90,77,87,68,1.1,3
LB,Jake Ryan,24,2016,63,71,80,84,80,78,0.7,3
K,Jake Schum,27,2014,73,61,79,87,82,61,0.3,1
CB,Sam Shields,29,2011,86,88,85,79,94,48,14.3,2
OL,Jason Spriggs,22,2017,59,60,92,79,72,76,2.3,4
RB,James Starks,30,2011,78,82,82,80,85,84,2.6,2
OL,Lane Taylor,27,2014,61,63,85,89,78,76,1.3,2
LB,Joe Thomas,25,2015,77,72,87,77,76,78,0.3,1
OL,J.C. Tretter,25,2014,74,67,86,89,81,82,0.8,1
END_PLAYERS
######################################################################  VIKINGS
Minnesota Vikings,MIN
CB,Mackensie Alexander,23,2017,80,69,85,73,90,46,1.8,4
RB,Matt Asiata,29,2012,82,84,89,85,77,76,0.5,1
LB,Anthony Barr,24,2015,70,80,84,86,77,85,6.8,2
OL,Joe Berger,34,2006,81,82,86,88,94,81,0.7,1
OL,Alex Boone,29,2010,74,85,84,88,69,77,4.4,4
QB,Sam Bradford,29,2011,74,85,79,88,86,52,16.8,2
LB,Kentrell Brothers,22,2017,73,58,90,88,82,76,0.5,4
OL,T.J. Clemmings,24,2016,74,73,88,85,69,70,0.7,3
LB,Audie Cole,27,2013,62,68,91,85,75,78,0.5,1
WR,Stefon Diggs,22,2016,71,75,77,86,90,84,0.5,3
OL,Nick Easton,24,2016,63,50,87,82,69,77,0.3,2
WR,Rhett Ellison,28,2013,67,72,79,73,80,69,1.3,1
DL,Sharrif Floyd,24,2014,73,79,89,79,82,27,4,2
OL,Brandon Fusco,28,2012,64,76,80,89,83,68,4.9,4
LB,Chad Greenway,33,2007,78,86,91,81,76,79,2.2,1
DL,Everson Griffen,29,2011,73,82,81,71,76,19,8.9,3
S,Anthony Harris,24,2016,65,61,83,72,87,52,0.3,2
QB,Shaun Hill,36,2003,83,80,84,77,82,43,2.1,1
DL,Danielle Hunter,21,2016,67,56,84,72,70,39,0.8,3
WR,Charles Johnson,27,2014,77,68,84,83,91,80,0.3,1
DL,Tom Johnson,32,2012,83,78,80,75,73,12,1.4,2
DL,Linval Joseph,28,2011,85,84,84,90,87,16,5.8,3
OL,Matt Kalil,27,2013,71,79,91,85,79,78,11.6,1
S,Jayron Kearse,22,2017,64,49,89,71,85,69,0.4,4
LB,Eric Kendricks,24,2016,70,74,83,88,81,83,2,3
OL,Zac Kerin,25,2015,71,53,85,82,69,77,0.3,1
LB,Emmanuel Lamur,27,2013,72,71,83,75,72,76,1.8,2
RB,Zach Line,26,2014,64,56,90,80,82,77,1.1,1
K,Jeff Locke,27,2014,59,55,87,83,79,55,0.5,1
OL,Kevin McDermott,26,2014,63,60,85,64,54,65,0.4,1
RB,Jerick McKinnon,24,2015,68,69,87,83,92,85,0.8,2
WR,David Morgan,23,2017,57,46,80,79,72,68,0.4,4
CB,Captain Munnerlyn,28,2010,75,75,86,79,87,65,3.3,1
CB,Terence Newman,38,2004,84,91,86,80,85,57,1.9,1
WR,Cordarrelle Patterson,25,2014,75,69,89,72,92,90,3.6,1
RB,Adrian Peterson,31,2008,91,97,92,87,92,93,23,2
WR,MyCole Pruitt,24,2016,65,66,78,81,86,72,0.5,3
CB,Xavier Rhodes,26,2014,78,80,88,81,91,58,3.8,2
LB,Edmond Robinson,24,2016,58,45,83,76,74,72,0.4,3
DL,Brian Robison,33,2008,77,84,90,76,72,26,6.9,2
WR,Kyle Rudolph,27,2012,78,82,84,85,77,77,7.7,4
S,Andrew Sendejo,29,2011,85,76,85,78,84,75,2.6,4
CB,Marcus Sherels,29,2011,69,68,81,74,90,41,1.4,2
OL,Jeremiah Sirles,25,2015,61,54,90,74,71,75,0.3,1
OL,Andre Smith,29,2010,79,76,87,95,75,78,2.2,1
S,Harrison Smith,27,2013,92,91,89,86,87,81,7.5,5
DL,Shamar Stephen,25,2015,67,61,87,80,77,16,0.4,2
WR,Adam Thielen,26,2014,66,71,86,80,87,77,0.5,1
DL,Justin Trattou,28,2012,76,62,81,70,68,35,0.5,1
WR,Laquon Treadwell,21,2017,70,72,88,88,88,81,6.2,4
K,Blair Walsh,26,2013,68,68,86,89,81,68,3.2,4
CB,Trae Waynes,24,2016,62,67,88,72,95,46,6.7,3
WR,Jarius Wright,27,2013,69,81,92,83,90,84,3.8,4
END_PLAYERS
######################################################################  COWBOYS
Dallas Cowboys,DAL
K,Dan Bailey,28,2012,68,70,84,89,91,70,4,5
WR,Cole Beasley,27,2013,84,82,91,83,87,82,4.4,3
CB,Anthony Brown,23,2017,71,55,90,70,95,55,0.4,4
WR,Dez Bryant,28,2011,92,91,91,89,90,91,19.5,4
WR,Brice Butler,26,2014,62,71,82,79,91,77,0.4,1
CB,Brandon Carr,30,2009,79,80,90,80,86,67,21.7,2
S,Barry Church,28,2011,81,77,94,80,86,83,3.4,1
CB,Morris Claiborne,26,2013,66,71,86,75,89,49,2.2,1
DL,Maliek Collins,21,2017,78,61,87,74,76,21,0.9,4
OL,La'el Collins,23,2016,79,75,89,88,81,77,0.3,2
DL,Jack Crawford,28,2013,67,71,84,64,68,18,0.7,1
DL,Tyrone Crawford,27,2013,75,82,84,76,77,22,15.4,5
RB,Lance Dunbar,26,2013,76,73,87,78,91,85,0.8,1
LB,Justin Durant,31,2008,84,82,88,86,75,84,0.6,1
RB,Ezekiel Elliott,21,2017,71,69,92,84,92,86,17.9,4
WR,Gavin Escobar,25,2014,68,66,92,83,76,78,1.8,1
S,Kavon Frazier,21,2017,52,48,91,76,86,78,0.4,4
OL,Travis Frederick,25,2014,90,89,91,90,96,86,3.3,2
OL,Doug Free,32,2008,72,88,91,81,79,83,5.9,2
LB,Andrew Gachkar,28,2012,76,71,83,83,75,77,1.9,1
OL,Chaz Green,24,2016,60,63,81,76,73,79,0.8,3
DL,Randy Gregory,23,2016,80,66,76,73,71,55,1.1,3
S,Jeff Heath,25,2014,64,64,87,76,88,66,2,4
LB,Anthony Hitchens,24,2015,76,78,92,79,77,81,0.7,2
DL,David Irving,23,2016,64,58,84,65,64,61,0.3,1
RB,Darius Jackson,22,2017,64,45,88,78,92,76,0.4,4
K,Chris Jones,27,2012,75,66,81,88,87,66,1.3,2
S,Byron Jones,23,2016,74,69,89,83,91,66,4.1,3
OL,L.P. Ladouceur,35,2006,67,85,83,72,55,72,1.1,2
DL,Demarcus Lawrence,24,2015,73,72,86,71,72,33,2.4,2
OL,Ronald Leary,27,2013,69,75,82,87,79,78,1.6,1
LB,Sean Lee,30,2011,94,92,82,92,84,85,13.2,4
OL,Joe Looney,26,2013,60,63,86,82,76,70,0.6,2
OL,Zack Martin,26,2015,90,85,94,87,85,88,4.5,2
DL,Benson Mayowa,25,2014,65,65,81,65,65,29,1.8,3
DL,Terrell McClain,28,2012,79,70,77,87,80,12,0.9,1
RB,Alfred Morris,28,2013,75,81,93,86,87,82,1.1,2
LB,Mark Nzeocha,26,2016,67,52,78,81,79,75,0.4,3
QB,Dak Prescott,23,2017,73,67,93,92,72,76,0.4,4
QB,Tony Romo,36,2004,93,90,92,88,90,66,43.6,4
QB,Mark Sanchez,30,2010,73,77,88,87,77,60,4.4,1
CB,Orlando Scandrick,29,2009,79,82,89,83,90,62,4.1,4
OL,Tyron Smith,26,2012,79,92,87,84,94,93,15.9,7
RB,Keith Smith,24,2015,69,59,83,59,75,69,0.4,2
RB,Rod Smith,22,2016,67,51,87,74,86,79,0.3,1
WR,Geoff Swaim,24,2016,63,48,83,65,82,71,0.4,3
CB,Dax Swanson,26,2014,47,45,89,72,82,67,0.3,2
DL,Charles Tapper,23,2017,55,50,92,75,77,26,0.8,4
DL,Cedric Thornton,28,2012,75,80,82,83,85,10,2.7,4
WR,Lucky Whitehead,23,2016,68,67,87,79,93,78,0.3,2
LB,Kyle Wilber,27,2013,73,76,83,80,77,79,1.2,2
S,J.J. Wilcox,27,2014,73,73,86,78,87,79,0.9,1
WR,Terrance Williams,27,2014,86,82,88,83,92,79,1,1
LB,Damien Wilson,23,2016,69,63,86,82,78,77,0.7,3
WR,Jason Witten,34,2004,76,91,94,94,77,72,13.1,2
END_PLAYERS
######################################################################  GIANTS
New York Giants,NYG
WR,Jerell Adams,24,2017,62,48,83,76,84,69,0.4,4
CB,Eli Apple,21,2017,67,65,89,73,92,48,10.3,4
OL,Will Beatty,31,2010,71,84,87,82,80,87,0.7,1
WR,Odell Beckham Jr.,24,2015,83,91,90,96,93,89,5.4,2
S,Nat Berhe,25,2015,59,53,87,73,86,67,0.5,2
DL,Jay Bromley,24,2015,77,61,85,80,75,13,0.9,2
K,Josh Brown,37,2004,83,71,83,84,88,71,1.3,2
K,Randy Bullock,27,2013,72,79,77,90,80,79,0.5,1
LB,Jonathan Casillas,29,2010,77,72,76,79,71,79,2.9,2
S,Landon Collins,24,2016,65,64,88,78,88,85,2.6,3
WR,Victor Cruz,30,2011,76,84,80,87,88,84,11.1,3
RB,Orleans Darkwa,24,2015,80,74,87,79,90,82,0.4,1
OL,Zak DeOssie,32,2008,63,78,89,71,57,68,1.2,1
RB,Larry Donnell,28,2013,71,77,86,66,72,73,1.1,1
OL,Ereck Flowers,22,2016,71,71,86,89,72,78,7.6,3
LB,BJ Goodson,23,2017,74,57,87,86,85,77,0.7,4
CB,Leon Hall,32,2008,81,83,89,82,87,70,1,1
DL,Johnathan Hankins,24,2014,86,83,83,88,86,23,1.6,1
WR,Dwayne Harris,29,2012,80,79,90,81,85,83,4.2,4
DL,Damon Harrison,28,2013,84,88,85,87,90,30,5.8,5
OL,Bobby Hart,22,2016,69,60,85,84,80,73,0.4,3
LB,Mark Herzlich,29,2012,62,75,87,78,77,76,1.1,1
CB,Janoris Jenkins,28,2013,86,85,91,83,91,66,8.4,5
RB,Rashad Jennings,31,2010,75,86,90,84,87,82,3.1,2
OL,John Jerry,30,2011,78,77,74,86,63,75,1.6,1
QB,Josh Johnson,30,2009,63,65,86,87,69,74,0.6,1
OL,Brett Jones,25,2016,46,35,85,87,80,84,0.3,2
LB,Devon Kennard,25,2015,79,78,83,85,80,79,0.4,2
WR,Tavarres King,26,2014,58,58,85,73,88,80,0.4,2
WR,Roger Lewis,21,2017,57,42,85,75,91,78,0.3,3
QB,Eli Manning,35,2005,86,87,97,88,80,49,30.7,4
QB,Ryan Nassib,26,2014,63,52,91,86,75,62,0.8,1
OL,Marshall Newhouse,28,2011,75,76,85,88,71,72,1.5,1
DL,Owamagbe Odighizuwa,24,2016,61,49,76,74,75,31,0.9,3
LB,Romeo Okwara,23,2017,49,45,87,79,79,70,0.3,3
RB,Paul Perkins,22,2017,60,67,84,79,86,81,0.5,4
DL,Jason Pierre-Paul,27,2011,82,82,87,80,84,33,6.3,1
OL,Justin Pugh,26,2014,78,76,87,86,90,86,4.1,2
RB,Bobby Rainey,29,2013,73,71,91,76,86,84,0.5,1
CB,Dominique R-Cromartie,30,2009,82,90,84,80,94,43,10.4,3
OL,Weston Richburg,25,2015,81,88,90,85,88,90,1.9,2
LB,Keenan Robinson,27,2013,84,79,84,86,82,85,1.9,1
WR,Sterling Shepard,23,2017,71,67,89,84,90,81,3.1,4
LB,Kelvin Sheppard,28,2012,76,73,91,81,78,74,0.5,1
DL,Robert Thomas,25,2015,61,53,78,89,80,13,0.3,1
LB,J.T. Thomas,28,2012,72,77,85,79,73,79,3.6,2
S,Mykkele Thompson,24,2016,60,52,86,72,88,63,0.5,3
S,Darian Thompson,22,2017,62,51,87,74,86,76,0.9,4
WR,Will Tye,25,2016,67,68,86,80,86,72,0.3,1
RB,Shane Vereen,27,2012,84,83,87,84,87,85,4.7,2
DL,Olivier Vernon,26,2013,81,81,91,78,79,30,10.8,5
CB,Trevin Wade,27,2013,71,71,81,76,86,54,0.4,1
K,Brad Wing,25,2015,68,58,83,85,79,58,1.4,3
DL,Kerry Wynn,25,2015,68,61,85,81,77,11,0.3,1
END_PLAYERS
######################################################################  EAGLES
Philadelphia Eagles,PHI
WR,Nelson Agholor,23,2016,74,64,86,79,91,83,4.6,3
DL,Beau Allen,25,2015,66,63,87,82,80,13,0.4,2
OL,Josh Andrews,25,2015,57,51,90,78,75,71,0.3,2
OL,Allen Barbre,32,2008,82,75,85,81,70,67,1.3,2
RB,Kenjon Barner,27,2014,68,53,90,72,91,84,0.4,1
DL,Connor Barwin,30,2010,85,87,91,75,75,56,5.8,3
LB,Nigel Bradham,27,2013,71,75,93,82,77,82,2.4,2
LB,Bryan Braman,29,2012,81,76,86,78,72,76,0.7,1
S,Terrence Brooks,25,2015,77,60,83,75,91,62,0.9,2
CB,Ron Brooks,28,2013,61,59,85,77,91,65,1.4,3
OL,Brandon Brooks,27,2013,73,77,75,93,68,81,10.3,5
RB,Trey Burton,25,2015,71,57,92,73,85,81,0.3,1
CB,Nolan Carroll II,29,2011,65,75,83,79,89,66,1.5,1
WR,Brent Celek,31,2008,73,86,87,85,73,72,4.1,3
DL,Fletcher Cox,26,2013,84,86,88,81,85,29,22.7,6
DL,Vinny Curry,28,2013,77,72,84,72,70,35,10.1,5
QB,Chase Daniel,30,2010,82,70,93,85,77,63,5.6,3
OL,Jon Dorenbos,36,2004,55,81,88,74,51,69,0.9,1
WR,Zach Ertz,26,2014,81,81,90,83,80,76,8.5,5
OL,Dillon Gordon,23,2017,56,50,85,73,70,72,0.3,3
DL,Brandon Graham,28,2011,88,84,80,73,78,24,6.1,3
WR,Dorial Green-Beckham,22,2016,77,68,78,86,89,82,2.3,3
S,Kamu Grugier-Hill,21,2017,53,43,91,74,91,75,0.4,4
LB,Jordan Hicks,24,2016,81,75,76,83,80,83,0.8,3
WR,Josh Huff,25,2015,66,70,88,75,90,81,0.8,2
S,Malcolm Jenkins,29,2010,92,88,95,86,86,77,8.6,4
OL,Lane Johnson,26,2014,70,82,90,86,86,82,10.9,5
K,Donnie Jones,36,2005,71,69,81,80,83,69,2,1
OL,Jason Kelce,29,2012,79,87,82,86,88,80,6.6,5
LB,Mychal Kendricks,26,2013,81,84,85,86,80,86,8.4,4
DL,Bennie Logan,27,2014,88,83,84,83,83,30,1.1,1
S,Chris Maragos,29,2011,77,69,87,75,85,70,1.4,1
RB,Ryan Mathews,29,2011,85,83,82,83,89,88,4.1,2
WR,Jordan Matthews,24,2015,85,81,91,82,90,80,2,2
CB,Leodis McKelvin,31,2009,82,74,88,76,88,56,2.1,2
S,Rodney McLeod,26,2013,84,77,88,81,86,72,7.9,5
DL,Steven Means,27,2014,54,53,80,64,68,41,0.4,2
CB,Jalen Mills,22,2017,64,48,85,70,90,54,0.4,4
OL,Jason Peters,34,2005,74,88,83,92,88,81,9.1,3
OL,Isaac Seumalo,23,2017,66,60,85,81,81,77,0.9,4
RB,Wendell Smallwood,21,2017,66,61,89,77,90,81,0.5,4
DL,Marcus Smith II,24,2015,59,63,85,70,71,36,3.8,2
RB,Darren Sproles,33,2006,69,84,87,82,87,86,2.9,1
K,Caleb Sturgis,27,2014,62,60,85,88,78,60,0.5,2
OL,Matt Tobin,26,2014,80,75,87,75,79,64,0.5,2
WR,Bryce Treggs,22,2017,63,41,88,75,81,74,0.4,3
LB,Stephen Tulloch,31,2007,85,90,91,91,86,84,1.9,1
DL,Destiny Vaeao,22,2017,41,35,78,80,65,27,0.3,3
OL,Halapouliva Vaitai,23,2017,57,56,89,77,71,73,0.5,4
S,Jaylen Watkins,24,2015,66,53,89,71,91,63,0.4,1
QB,Carson Wentz,24,2017,65,67,91,92,78,68,14.7,4
OL,Stefen Wisniewski,27,2012,71,82,92,85,78,83,1.3,1
END_PLAYERS
######################################################################  REDSKINS
Washington Redskins,WAS
DL,Chris Baker,29,2010,72,81,81,82,77,15,4.1,1
LB,Houston Bates,24,2016,54,58,89,77,76,64,0.3,2
CB,Will Blackmon,32,2007,74,76,83,77,84,59,0.6,2
CB,Bashaud Breeland,24,2015,79,82,85,81,87,66,0.8,2
S,David Bruton,29,2010,64,71,89,76,88,69,2.1,3
LB,Will Compton,27,2014,78,74,88,81,77,80,0.4,1
QB,Kirk Cousins,28,2013,74,87,90,89,90,52,12.5,1
S,Su'a Cravens,21,2017,72,63,92,78,84,79,1.9,4
WR,Jamison Crowder,23,2016,74,74,89,82,90,82,0.7,3
WR,Vernon Davis,32,2007,84,74,87,75,86,80,1.5,1
WR,Josh Doctson,24,2017,80,72,88,87,89,82,6.3,4
CB,Quinton Dunbar,23,2016,65,67,86,72,90,50,0.3,2
S,Deshazor Everett,24,2016,61,56,85,74,87,62,0.3,2
LB,Mason Foster,27,2012,67,73,88,84,75,76,0.9,2
CB,Kendall Fuller,21,2017,76,57,84,74,90,67,0.8,4
WR,Pierre Garcon,30,2009,73,86,87,82,88,83,14.5,1
LB,Terence Garvin,25,2014,68,65,86,78,73,75,0.5,1
DL,Kedric Golston,33,2007,76,74,78,78,74,10,0.9,1
WR,Ryan Grant,26,2015,74,76,84,80,87,78,0.5,2
S,DeAngelo Hall,33,2005,70,82,85,81,88,68,6.8,2
DL,Ziggy Hood,29,2010,68,73,82,76,72,10,0.6,1
K,Dustin Hopkins,26,2014,76,59,82,88,81,59,0.4,2
S,Duke Ihenacho,27,2013,68,74,86,81,86,72,0.4,1
WR,DeSean Jackson,30,2009,85,85,84,90,93,88,8.1,1
DL,Ricky Jean-Francois,30,2010,74,84,79,78,78,12,3.8,2
RB,Matt Jones,23,2016,67,79,80,80,89,83,0.8,3
RB,Rob Kelley,24,2017,66,46,76,77,82,76,0.3,3
LB,Ryan Kerrigan,28,2012,83,88,92,83,85,79,14.9,5
OL,Arie Kouandjio,24,2016,65,52,76,84,81,72,0.7,3
DL,Anthony Lanier,23,2017,55,60,79,55,63,23,0.3,3
OL,Shawn Lauvao,29,2011,73,82,87,86,81,75,5.4,2
OL,Kory Lichtensteigr,31,2009,76,86,87,81,74,75,4.3,2
OL,Spencer Long,26,2015,65,58,79,88,88,75,0.9,2
QB,Colt McCoy,30,2011,80,70,92,81,77,68,2.6,3
OL,Morgan Moses,25,2015,70,69,84,89,84,82,0.9,2
LB,Trent Murphy,26,2015,82,77,88,88,81,82,1.8,2
CB,Josh Norman,29,2013,87,93,94,84,90,64,15.4,5
OL,Ty Nsekhe,31,2013,72,67,80,84,78,76,0.4,1
RB,Niles Paul,27,2012,71,69,87,70,87,76,1.9,2
CB,Dashaun Phillips,25,2015,49,44,90,69,88,46,0.3,1
WR,Jordan Reed,26,2014,90,93,83,92,86,83,16.8,5
OL,Austin Reiter,24,2016,62,56,85,77,77,72,0.3,2
DL,Kendall Reyes,27,2013,66,74,83,84,79,18,2.4,1
WR,Rashad Ross,26,2015,60,59,85,76,92,77,0.3,1
OL,Brandon Scherff,24,2016,67,75,88,83,82,68,11.7,3
LB,Preston Smith,23,2016,70,73,84,79,80,77,2.4,3
LB,Martrell Spaight,23,2016,53,53,84,85,81,76,0.5,3
QB,Nate Sudfeld,23,2017,61,51,89,93,70,46,0.4,4
OL,Nick Sundberg,29,2010,68,62,79,69,66,64,1.2,1
RB,Chris Thompson,26,2014,67,73,71,78,90,80,0.4,1
CB,Greg Toler,31,2010,82,79,85,82,86,73,0.6,1
K,Tress Way,26,2015,73,68,83,92,84,68,1.4,5
OL,Trent Williams,28,2011,76,92,89,88,84,91,11.5,5
END_PLAYERS
######################################################################  FALCONS
Atlanta Falcons,ATL
CB,Robert Alford,28,2014,79,74,80,77,91,46,1.3,1
S,Ricardo Allen,25,2015,72,66,91,77,87,60,0.3,1
DL,Jonathan Babineaux,35,2006,84,86,86,81,77,12,3.5,1
LB,Vic Beasley Jr.,24,2016,74,70,84,73,80,80,7.6,3
K,Matt Bosher,29,2012,76,67,88,87,85,67,2.8,4
K,Matt Bryant,41,2003,69,69,75,85,84,69,2.4,2
LB,De'vondre Campbell,23,2017,63,52,88,83,77,76,0.7,4
OL,Chris Chester,33,2007,77,83,84,79,79,68,1.6,1
DL,Adrian Clayborn,28,2012,69,74,84,82,78,14,3,2
RB,Tevin Coleman,23,2016,67,62,85,81,93,81,0.9,3
OL,Tom Compton,27,2013,63,69,90,86,75,73,0.5,1
RB,Patrick DiMarco,27,2012,84,87,90,72,72,72,0.6,1
RB,Devonta Freeman,24,2015,89,87,91,85,92,89,0.8,2
DL,Dwight Freeney,36,2003,74,86,80,69,68,38,0.6,1
WR,Taylor Gabriel,25,2015,75,77,79,78,91,81,0.3,1
OL,Ben Garland,28,2011,58,61,89,77,78,76,0.7,1
S,Dashon Goldson,32,2008,58,71,91,76,82,63,0.6,1
CB,C.J. Goodwin,26,2015,57,48,83,68,91,42,0.3,2
DL,Ra'Shede Hageman,26,2015,63,70,82,87,82,17,2.3,2
WR,Justin Hardy,24,2016,69,59,89,84,87,82,0.7,3
OL,Josh Harris,27,2013,55,62,89,64,61,66,0.8,3
WR,Austin Hooper,21,2017,59,60,89,70,82,73,0.9,4
S,Kemal Ishmael,25,2014,70,68,86,78,85,75,0.4,1
DL,Tyson Jackson,30,2010,84,85,91,81,80,14,8,3
DL,Grady Jarrett,23,2016,71,60,80,84,77,17,0.5,3
WR,Julio Jones,27,2012,81,97,92,98,93,89,13.5,5
LB,Deion Jones,22,2017,66,66,84,77,74,78,1.9,4
OL,Andy Levitre,30,2010,69,84,92,85,90,77,4.9,3
OL,Alex Mack,31,2010,86,87,94,90,85,82,5.6,5
OL,Jake Matthews,24,2015,72,83,94,83,75,79,9.1,2
S,Keanu Neal,22,2017,66,67,91,79,87,71,6.8,4
WR,Joshua Perkins,23,2017,44,30,82,77,78,78,0.3,3
OL,Mike Person,28,2012,63,77,81,77,67,71,1.1,2
CB,Brian Poole,24,2017,51,45,85,67,89,63,0.3,3
DL,Brooks Reed,29,2012,65,72,88,67,74,43,5.1,4
LB,LaRoy Reynolds,26,2014,68,61,84,78,80,76,0.4,1
WR,Aldrick Robinson,28,2012,74,71,83,74,91,80,0.4,1
QB,Matt Ryan,31,2009,77,87,96,90,89,52,29.9,3
WR,Mohamed Sanu,27,2013,66,77,91,84,88,83,4.2,5
QB,Matt Schaub,35,2005,79,84,85,82,82,42,2.4,1
OL,Ryan Schraeder,28,2014,83,87,88,83,83,90,1.6,1
OL,Wes Schweitzer,23,2017,73,55,88,81,78,73,0.4,4
DL,Derrick Shelby,27,2013,76,68,82,71,71,31,2.8,4
WR,Jacob Tamme,31,2009,78,86,86,86,81,74,1.3,1
S,Robenson Therezie,24,2016,68,58,84,73,92,67,0.3,2
WR,Levine Toilolo,25,2014,72,78,80,73,75,68,0.6,1
CB,Desmond Trufant,26,2014,92,90,88,88,92,74,4.1,2
DL,Courtney Upshaw,27,2013,70,78,93,69,75,30,1,1
RB,Terron Ward,24,2016,68,62,87,76,87,78,0.3,2
LB,Sean Weatherspoon,29,2011,69,75,85,76,76,81,1.8,1
WR,Eric Weems,31,2008,72,78,83,79,84,80,1.1,1
LB,Philip Wheeler,32,2009,68,70,89,83,78,77,0.6,1
LB,Paul Worrilow,26,2014,66,82,89,81,78,80,1.6,1
END_PLAYERS
######################################################################  PANTHERS
Carolina Panthers,CAR
DL,Mario Addison,29,2012,82,76,85,68,66,44,1.3,1
QB,Derek Anderson,33,2006,64,74,91,91,75,36,2.3,2
RB,Cameron Artis-Payne,24,2016,57,48,87,82,88,81,0.4,3
WR,Kelvin Benjamin,25,2015,79,78,86,91,86,82,3.7,2
CB,Bene Benwikere,25,2015,80,82,87,81,87,56,0.5,2
WR,Brenton Bersin,26,2013,63,72,86,82,84,76,0.4,1
S,Tre Boston,24,2015,80,68,87,79,87,74,0.7,2
CB,James Bradberry,23,2017,56,57,88,73,91,64,1.1,4
WR,Philly Brown,25,2015,85,83,87,83,88,80,0.3,1
DL,Vernon Butler,22,2017,76,68,87,78,78,28,3.8,4
WR,Damiere Byrd,23,2016,46,30,80,70,85,74,0.3,1
LB,Jeremy Cash,23,2017,68,60,84,78,75,76,0.4,3
S,Kurt Coleman,28,2011,82,87,87,81,85,69,3.8,3
LB,Thomas Davis,33,2006,84,90,90,91,82,87,10.9,2
DL,Ryan Delaire,24,2016,72,57,86,72,70,36,0.3,2
WR,Ed Dickson,29,2011,79,79,87,74,82,72,2.5,2
DL,Kony Ealy,25,2015,77,77,85,76,74,30,1.1,2
DL,Lavar Edwards,26,2014,76,65,88,67,70,17,0.4,1
WR,Devin Funchess,22,2016,69,69,86,80,88,80,2.2,3
K,Graham Gano,29,2010,84,70,80,92,88,70,3.9,2
WR,Ted Ginn Jr.,31,2008,76,84,81,77,92,84,2.5,1
OL,Gino Gradkowski,28,2013,74,74,90,84,78,72,0.7,3
OL,Donald Hawkins,24,2015,62,52,83,77,69,71,0.3,1
OL,J.J. Jansen,30,2009,68,76,85,71,56,66,0.9,5
DL,Charles Johnson,30,2008,79,86,86,77,75,15,1.9,1
S,Colin Jones,29,2012,73,57,82,75,90,68,0.8,1
OL,Ryan Kalil,31,2008,90,86,92,87,96,84,8.6,2
LB,A.J. Klein,25,2014,74,72,91,86,77,77,0.5,1
LB,Luke Kuechly,25,2013,96,98,98,98,90,93,17.2,5
OL,Tyler Larsen,25,2015,75,58,88,93,75,77,0.3,2
K,Andy Lee,34,2005,61,64,82,89,83,64,3.8,3
DL,Star Lotulelei,27,2014,77,80,88,91,90,31,4.9,2
S,Dean Marlowe,24,2016,60,52,88,74,86,73,0.3,2
LB,David Mayo,23,2016,66,59,81,85,80,76,0.4,3
CB,Robert McClain,28,2011,75,69,84,76,87,58,0.5,1
QB,Cam Newton,27,2012,76,87,97,97,88,88,22.5,5
LB,Jared Norris,22,2017,57,50,88,78,77,72,0.3,3
OL,Andrew Norwell,25,2015,82,81,88,87,94,83,0.3,1
OL,Michael Oher,30,2010,70,82,95,89,64,83,5.4,3
WR,Greg Olsen,31,2008,88,94,92,96,85,76,11.6,3
OL,Mike Remmers,27,2013,71,79,84,84,81,74,1.6,1
DL,Kawann Short,27,2014,77,85,84,82,81,21,2,1
WR,Scott Simonson,24,2015,69,52,81,76,75,68,0.4,1
DL,Paul Soliai,33,2008,71,85,83,86,80,13,3.3,2
RB,Jonathan Stewart,29,2009,77,90,82,88,87,89,10.9,2
LB,Shaq Thompson,22,2016,72,72,89,85,77,82,4.2,3
RB,Mike Tolbert,31,2009,74,86,88,80,75,76,1.4,2
OL,Trai Turner,23,2015,80,82,87,86,90,88,0.8,2
QB,Joe Webb,30,2011,75,68,83,89,66,81,0.7,2
RB,Fozzy Whittaker,27,2013,74,70,82,76,87,80,0.4,1
CB,Teddy Williams,28,2011,60,54,75,66,93,38,0.8,1
OL,Daryl Williams,24,2016,70,62,85,87,81,72,0.8,3
CB,Daryl Worley,21,2017,70,60,89,72,86,58,0.9,4
END_PLAYERS
######################################################################  SAINTS
New Orleans Saints,NO
LB,Stephone Anthony,24,2016,65,73,86,87,81,83,3.6,3
OL,Terron Armstead,25,2014,76,88,87,79,89,91,30.4,5
S,Vonn Bell,22,2017,61,55,87,75,88,72,1.5,4
CB,Delvin Breaux,27,2016,74,79,82,79,90,63,0.3,2
QB,Drew Brees,37,2002,92,98,96,89,92,51,13.8,2
S,Jairus Byrd,30,2010,77,82,89,84,85,72,16.3,4
RB,Travaris Cadet,27,2013,62,68,85,75,86,83,0.5,1
WR,Brandon Coleman,24,2015,69,66,83,82,87,76,0.3,1
WR,Brandin Cooks,23,2015,78,82,88,89,96,85,4.1,2
CB,Ken Crawley,23,2017,40,45,73,63,82,49,0.3,3
DL,Tyeler Davison,24,2016,77,67,81,86,76,16,0.5,3
OL,Justin Drescher,28,2011,63,75,86,74,52,69,0.9,1
LB,Kasim Edebali,27,2015,69,67,85,71,73,74,0.3,1
LB,Dannell Ellerbe,31,2010,79,80,88,77,71,78,1.6,2
OL,Jahri Evans,33,2007,71,88,87,90,72,76,0.6,1
DL,Nick Fairley,28,2012,66,70,88,83,82,39,1.9,1
WR,Coby Fleener,28,2013,74,75,84,82,86,78,5.2,5
DL,Obum Gwacham,25,2016,53,48,81,69,66,61,0.4,3
S,Roman Harper,34,2007,67,68,91,74,80,72,0.8,1
S,Erik Harris,26,2016,53,45,80,66,83,52,0.3,3
CB,De'vante Harris,23,2017,48,41,85,69,88,53,0.3,3
RB,Tim Hightower,30,2009,80,80,85,78,84,78,0.5,1
WR,Josh Hill,26,2014,74,71,82,80,82,73,1.5,3
RB,Mark Ingram,27,2012,78,84,89,87,87,85,4.4,3
DL,John Jenkins,27,2014,78,78,82,87,84,19,0.9,1
DL,Cameron Jordan,27,2012,89,86,92,86,85,23,14.7,5
OL,Senio Kelemete,26,2013,64,70,85,84,73,66,0.9,2
LB,Paul Kruger,30,2010,82,86,93,84,84,76,1.9,1
RB,John Kuhn,34,2006,66,79,90,78,73,74,0.6,1
RB,Daniel Lasco,24,2017,69,54,82,76,90,78,0.4,4
LB,James Laurinaitis,30,2010,77,88,97,83,78,81,2.3,3
OL,Tim Lelito,27,2014,84,82,88,87,92,71,1.1,1
WR,Tommylee Lewis,24,2017,39,35,80,77,83,65,0.3,3
K,Wil Lutz,22,2017,65,47,84,85,74,47,0.3,1
WR,Chris Manhertz,24,2015,67,56,82,76,66,71,0.3,2
LB,Michael Mauti,26,2014,74,71,80,86,82,76,0.4,1
QB,Luke McCown,35,2005,67,79,85,84,77,50,1,2
CB,Sterling Moore,26,2012,71,79,87,79,85,62,0.5,1
K,Thomas Morstead,30,2010,77,68,89,89,85,68,8.5,3
RB,Marcus Murphy,24,2016,58,53,74,76,86,78,0.4,3
DL,David Onyemata,23,2017,69,45,86,84,79,18,0.7,4
OL,Andrus Peat,23,2016,62,69,81,84,75,66,5.8,3
LB,Craig Robertson,28,2012,66,77,86,86,77,79,1.1,3
WR,Willie Snead,24,2015,73,79,86,85,87,76,0.3,1
RB,C.J. Spiller,29,2011,69,81,82,78,90,86,5.4,3
OL,Zach Strief,33,2007,75,87,89,89,86,79,5.8,3
LB,Nathan Stupar,28,2013,69,79,86,78,78,78,1.1,3
DL,Darryl Tapp,32,2007,60,73,87,66,68,22,0.6,1
WR,Michael Thomas,23,2017,79,66,86,83,88,81,2.4,4
OL,Landon Turner,23,2017,59,45,88,85,73,71,0.3,3
OL,Max Unger,30,2010,77,90,90,84,79,86,4.1,1
S,Kenny Vaccaro,26,2014,68,68,93,80,85,74,4.8,2
CB,P.J. Williams,23,2016,64,51,88,74,90,70,0.9,3
END_PLAYERS
######################################################################  BUCCANEERS
Tampa Bay Buccaneers,TB
CB,Jude Adjei-Barimah,24,2016,71,64,84,76,90,60,0.3,1
K,Roberto Aguayo,22,2017,72,59,86,87,89,59,1.6,4
LB,Kwon Alexander,22,2016,77,79,83,78,79,82,0.7,3
K,Bryan Anger,28,2013,76,66,90,90,84,66,1.1,1
DL,Robert Ayers,31,2010,75,82,82,73,73,21,4.4,3
CB,Johnthan Banks,27,2014,65,77,91,77,85,59,2.1,1
RB,Peyton Barber,22,2017,68,46,86,74,86,77,0.1,1
OL,Caleb Benenoch,22,2017,68,64,83,76,69,65,0.5,4
LB,Devante Bond,23,2017,63,56,84,72,73,75,0.4,4
WR,Cameron Brate,25,2015,69,68,85,81,79,69,0.4,1
OL,Gosder Cherilus,32,2009,68,73,86,87,70,73,2.2,1
S,Chris Conte,27,2012,73,75,87,75,85,61,2.1,1
WR,Alan Cross,23,2017,61,41,84,72,78,66,0.2,3
LB,Lavonte David,26,2013,82,89,95,88,77,88,17.2,5
OL,Andrew Depaola,29,2013,67,65,83,76,73,71,0.4,1
OL,Demar Dotson,31,2010,76,81,87,86,81,78,1.8,1
WR,Mike Evans,23,2015,86,86,91,83,88,84,8,2
DL,William Gholston,25,2014,80,77,82,72,75,41,0.8,1
LB,Adarius Glanton,26,2015,55,56,85,79,79,74,0.4,1
QB,Mike Glennon,27,2014,70,69,90,93,75,44,1.1,1
QB,Ryan Griffin,27,2014,69,54,85,81,75,53,0.4,1
CB,Brent Grimes,33,2007,79,90,85,83,87,59,7.7,2
CB,Vernon Hargreaves,21,2017,65,63,88,79,90,68,9.5,4
OL,Joe Hawley,28,2011,72,75,88,83,70,75,1.1,1
WR,Adam Humphries,23,2016,73,69,82,77,88,73,0.3,1
WR,Vincent Jackson,33,2006,86,88,87,91,85,76,18.8,1
DL,Howard Jones,26,2015,79,67,92,68,68,41,0.4,1
DL,Davonte Lambert,22,2017,32,35,78,80,65,27,0.3,3
OL,Ali Marpet,24,2016,74,73,86,86,82,67,1.1,3
RB,Doug Martin,27,2013,88,96,91,89,89,91,5.6,5
DL,Gerald McCoy,28,2011,84,86,86,92,91,20,10.6,6
DL,Clinton McDonald,29,2010,72,78,84,78,77,23,1.9,2
S,Brad McDougald,26,2014,83,72,86,79,87,72,1.6,1
WR,Brandon Myers,31,2010,71,69,85,73,75,68,2.7,1
OL,Kevin Pamphile,26,2015,67,63,84,82,78,80,0.5,2
CB,Josh Robinson,25,2013,68,72,84,77,92,55,1.7,1
WR,Russell Shepard,26,2014,67,52,87,78,88,81,1.1,1
WR,Cecil Shorts,29,2012,71,70,86,80,88,79,0.5,1
RB,Charles Sims III,26,2015,86,83,86,83,89,84,0.9,2
WR,Austin S-Jenkins,24,2015,81,64,81,80,86,73,2.2,2
S,Ryan Smith,23,2017,67,49,85,69,90,48,0.7,4
DL,Jacquies Smith,26,2013,83,77,78,67,65,25,0.4,1
LB,Daryl Smith,34,2005,75,88,89,87,85,81,2,1
OL,Donovan Smith,23,2016,66,74,82,84,72,79,2.5,3
OL,Evan Smith,30,2010,78,81,84,85,81,78,2.3,2
DL,Noah Spence,22,2017,59,58,85,75,72,28,3.1,4
DL,Akeem Spence,25,2014,62,67,86,85,75,22,0.9,1
RB,Luke Stocker,28,2012,70,72,88,70,80,70,1,2
S,Keith Tandy,27,2013,67,66,91,77,86,66,0.6,2
CB,Alterraun Verner,28,2011,84,80,86,83,85,73,4,2
DL,Channing Ward,24,2017,64,60,79,55,63,23,0.3,3
OL,Leonard Wester,23,2017,56,50,85,73,70,72,0.2,3
QB,Jameis Winston,23,2016,84,78,96,95,82,78,14.2,3
END_PLAYERS
######################################################################  CARDINALS
Arizona Cardinals,ARZ
CB,Justin Bethel,26,2013,63,69,87,81,86,64,3.2,3
OL,Evan Boehm,23,2017,71,60,90,82,78,79,0.6,4
S,Tyvon Branch,30,2009,76,75,87,80,90,70,2.5,2
WR,John Brown,26,2015,92,89,82,91,94,85,0.8,2
WR,Jaron Brown,26,2014,73,70,85,81,90,81,1.1,1
LB,Deone Bucannon,24,2015,80,78,91,82,79,82,3.7,2
K,Drew Butler,27,2013,67,60,83,79,86,60,0.8,2
DL,Calais Campbell,30,2009,73,85,91,87,90,27,19.1,1
OL,Kameron Canaday,23,2017,45,52,87,69,47,75,0.3,3
K,Chandler Catanzaro,25,2015,79,63,82,90,83,63,0.3,1
S,Marqui Christian,23,2017,61,47,88,74,88,74,0.5,4
CB,Marcus Cooper,26,2014,73,68,87,76,89,61,0.4,1
RB,Andre Ellington,27,2014,77,81,82,81,89,85,0.4,1
WR,Darren Fells,30,2015,74,72,84,80,73,74,0.4,1
WR,Larry Fitzgerald,33,2005,82,98,96,97,86,82,14.8,1
WR,Michael Floyd,27,2013,87,88,91,88,90,81,5.4,1
LB,Alani Fua,22,2016,70,56,89,76,75,73,0.3,2
LB,Markus Golden,24,2016,72,61,86,74,72,71,1.3,3
WR,Jermaine Gresham,28,2011,82,79,88,81,80,79,2.8,1
DL,Rodney Gunter,24,2016,75,62,81,70,73,14,0.7,3
OL,D.J. Humphries,23,2016,56,54,86,88,78,83,4.3,3
OL,Mike Iupati,29,2011,88,84,89,97,93,77,7.8,4
S,Tony Jefferson,24,2014,76,78,84,78,79,72,1.1,1
RB,David Johnson,24,2016,83,74,89,86,92,85,0.8,3
RB,Chris Johnson,31,2009,72,84,86,78,92,79,0.9,1
LB,Chandler Jones,26,2013,79,84,87,82,82,83,4.3,1
LB,Lamar Louis,23,2017,57,48,84,69,76,70,0.3,3
LB,Kareem Martin,24,2015,64,58,84,81,80,75,0.8,2
LB,Gabe Martin,24,2016,68,52,86,81,78,75,0.3,2
S,Tyrann Mathieu,24,2014,93,87,87,85,90,72,0.7,1
OL,Evan Mathis,35,2006,91,88,89,86,89,74,3.8,1
DL,Josh Mauro,25,2015,75,64,90,80,76,36,0.4,1
LB,Kevin Minter,26,2014,72,83,86,80,77,81,1.9,1
WR,J.J. Nelson,24,2016,69,66,77,83,96,79,0.5,3
RB,Troy Niklas,24,2015,72,58,89,67,76,70,1.4,2
DL,Robert Nkemdiche,22,2017,69,67,86,76,75,42,5.1,4
LB,Alex Okafor,25,2014,63,72,92,68,72,71,0.8,1
QB,Carson Palmer,37,2004,89,94,92,91,92,47,19.6,2
DL,Corey Peters,28,2011,75,80,82,73,77,12,3.1,2
CB,Patrick Peterson,26,2012,83,86,93,85,93,60,15.3,5
DL,Olsen Pierre,25,2016,64,57,82,70,72,29,0.3,1
DL,Frostee Rucker,33,2007,75,85,84,75,78,19,1.4,1
OL,A.Q. Shipley,30,2010,62,66,88,86,82,78,0.6,1
QB,Drew Stanton,32,2008,72,69,86,89,74,61,3.8,2
DL,Ed Stinson,26,2015,65,63,80,83,77,11,0.5,2
S,D.J. Swearinger,25,2014,64,65,91,75,82,61,1.1,1
RB,Stepfan Taylor,25,2014,76,65,94,83,84,80,0.6,1
OL,Cole Toner,23,2017,77,76,81,76,65,62,0.4,4
OL,Jared Veldheer,29,2011,71,88,90,93,82,80,8.1,3
OL,Earl Watford,26,2014,64,70,90,83,76,67,0.8,1
OL,John Wetzel,25,2014,67,65,84,85,83,80,0.3,1
DL,Xavier Williams,25,2016,70,54,86,78,73,17,0.3,2
CB,Brandon Williams,24,2017,70,52,90,70,93,52,0.8,4
END_PLAYERS
######################################################################  RAMS
Los Angeles Rams,LA
S,Mo Alexander,25,2015,60,53,86,75,90,74,0.8,2
WR,Tavon Austin,25,2014,81,85,91,83,95,90,6.4,6
OL,Tim Barnes,28,2012,80,78,87,80,75,75,1.8,2
LB,Mark Barron,27,2013,67,75,86,74,73,79,7.3,5
WR,Kenny Britt,28,2010,80,82,89,85,87,82,2.9,1
DL,Michael Brockers,26,2013,76,78,88,79,81,17,5.1,1
OL,Jamon Brown,23,2016,77,65,82,85,64,70,0.9,3
RB,Malcolm Brown,22,2016,62,47,85,80,88,78,0.3,2
WR,Pharoh Cooper,21,2017,66,57,86,78,87,77,0.7,4
RB,Benny Cunningham,26,2014,73,78,87,81,86,81,1.1,1
S,Cody Davis,27,2014,60,54,84,77,90,72,0.9,2
DL,Aaron Donald,25,2015,76,82,92,89,87,25,5.2,2
OL,Andrew Donnal,24,2016,72,63,84,75,68,66,0.7,3
DL,Dominique Easley,24,2015,73,68,77,77,74,31,0.4,1
LB,Josh Forrest,23,2017,68,58,91,69,67,73,0.4,4
CB,E.J. Gaines,24,2015,78,74,86,76,87,62,0.4,2
QB,Jared Goff,22,2017,71,74,91,92,82,57,20.3,4
RB,Todd Gurley,22,2016,77,78,86,87,92,91,7.2,3
LB,Bryce Hager,24,2016,74,64,83,83,81,77,0.4,3
RB,Cory Harkey,26,2013,75,82,91,68,68,66,1.2,3
OL,Rob Havenstein,24,2016,76,68,85,79,79,80,1.3,3
DL,William Hayes,31,2009,74,82,88,79,83,38,5.3,3
K,Johnny Hekker,26,2013,74,65,85,92,85,65,2.2,5
WR,Temarrick Hemingway,23,2017,61,48,88,72,82,74,0.4,4
WR,Tyler Higbee,22,2017,59,50,88,83,80,75,0.7,4
S,Troy Hill,22,2016,64,48,87,70,87,48,0.3,2
CB,Trumaine Johnson,26,2013,72,79,83,82,88,71,9.1,1
CB,Lamarcus Joyner,26,2015,72,68,88,78,87,67,2.1,2
QB,Case Keenum,28,2013,68,75,86,85,78,54,2.3,1
WR,Lance Kendricks,28,2012,68,75,89,79,81,76,2.9,3
LB,Cory Littleton,23,2017,43,45,90,45,59,64,0.3,3
DL,Matt Longacre,22,2016,55,53,86,70,69,37,0.3,1
QB,Sean Mannion,24,2016,64,56,87,88,75,47,0.8,3
WR,Bradley Marquez,24,2016,56,56,85,72,88,74,0.3,2
S,T.J. McDonald,25,2014,83,76,85,82,87,77,1,1
OL,Jake McQuaide,29,2012,50,65,82,72,48,62,0.9,2
OL,Pace Murphy,22,2017,58,50,85,73,70,72,0.3,3
LB,Alec Ogletree,25,2014,72,75,87,91,79,84,3.3,2
WR,Brian Quick,27,2013,71,73,86,79,87,79,1.3,1
DL,Robert Quinn,26,2012,82,83,88,82,79,38,10.5,4
RB,Chase Reynolds,29,2012,63,65,86,76,83,80,0.6,1
OL,Demetrius Rhaney,24,2015,57,50,84,83,76,76,0.4,2
OL,Greg Robinson,24,2015,69,75,92,90,70,77,12.1,2
OL,Rodger Saffold,28,2011,83,85,80,84,78,72,6.9,3
CB,Coty Sensabaugh,28,2013,70,74,87,74,89,41,3.3,3
DL,Eugene Sims,30,2011,75,70,80,68,69,25,2.2,3
WR,Nelson Spruce,22,2017,48,55,81,79,85,62,0.3,3
DL,Cam Thomas,30,2011,70,74,84,89,82,12,0.5,1
WR,Mike Thomas,23,2017,68,55,89,76,88,76,0.4,4
DL,Ethan Westbrooks,26,2015,65,61,82,70,67,41,0.3,1
OL,Cody Wichmann,24,2016,68,56,85,77,68,70,0.4,3
CB,Steve Williams,25,2014,77,71,84,78,92,54,0.4,1
K,Greg Zuerlein,29,2013,65,59,83,90,81,59,0.8,1
END_PLAYERS
######################################################################  SEAHAWKS
Seattle Seahawks,SEA
DL,Cliff Avril,30,2009,85,86,89,67,65,27,5.8,3
WR,Doug Baldwin,28,2012,93,96,88,94,91,82,8.9,4
DL,Michael Bennett,31,2010,90,82,88,85,86,27,9.8,2
QB,Trevone Boykin,22,2017,72,48,87,93,77,78,0.4,3
OL,Justin Britt,25,2015,80,75,84,86,77,74,1.1,2
S,Kam Chancellor,28,2011,76,86,94,87,87,83,7.8,2
DL,Frank Clark,23,2016,67,56,80,68,64,27,1.1,3
RB,Alex Collins,22,2017,65,63,89,76,88,84,0.4,4
LB,Brock Coyle,26,2015,62,69,90,79,78,79,0.3,1
CB,Deandre Elliott,24,2017,64,41,85,70,89,54,0.3,3
OL,George Fant,24,2017,42,50,85,73,70,72,0.3,3
OL,Nolan Frese,24,2017,57,50,78,86,69,70,1,1
OL,Garry Gilliam,26,2015,74,77,81,83,72,77,0.3,1
OL,Mark Glowinski,24,2016,77,62,89,91,74,76,0.6,3
WR,Jimmy Graham,30,2011,79,85,86,88,84,81,6.3,2
K,Steven Hauschka,31,2009,76,68,81,91,88,68,3.7,1
OL,Joey Hunt,21,2017,68,61,87,88,77,76,0.4,4
OL,Germain Ifedi,22,2017,69,72,86,80,76,71,4.9,4
DL,Quinton Jefferson,24,2017,61,51,84,74,73,19,0.5,4
WR,Jermaine Kearse,26,2013,84,85,92,84,91,79,2.8,3
CB,Jeremy Lane,26,2013,68,75,85,81,88,63,3.8,4
WR,Tyler Lockett,23,2016,82,81,81,86,93,84,0.9,3
DL,Cassius Marsh,24,2015,71,63,89,61,62,45,0.8,2
S,Kelcie McCray,28,2013,71,56,83,74,87,65,0.4,1
DL,Tony McDaniel,31,2007,79,81,79,83,82,12,0.6,1
S,Dewey McDonald,26,2015,63,53,84,71,90,61,0.4,1
WR,Tanner McEvoy,23,2017,49,35,80,77,83,65,0.3,3
RB,Christine Michael,26,2014,62,68,84,77,89,85,0.4,1
LB,Michael Morgan,28,2012,77,70,86,80,72,75,0.8,1
OL,Rees Odhiambo,23,2017,74,58,79,83,80,77,0.8,4
LB,Kevin Pierre-Louis,25,2015,75,60,82,82,81,80,0.7,2
S,Tyvis Powell,22,2017,54,42,87,71,91,71,0.3,3
RB,C.J. Prosise,22,2017,60,62,88,77,90,82,0.8,4
RB,Thomas Rawls,23,2016,69,79,85,86,90,82,0.3,2
DL,Jarran Reed,23,2017,66,64,87,85,84,20,2.3,4
WR,Paul Richardson,24,2015,65,67,79,83,94,76,1.9,2
DL,Ahtyba Rubin,30,2009,80,79,87,87,83,17,2.9,3
K,Jon Ryan,35,2007,77,67,82,84,86,67,2.2,4
CB,DeShawn Shead,28,2013,78,72,85,78,86,70,0.5,1
CB,Richard Sherman,28,2012,90,90,96,89,89,70,14.5,3
CB,Tharold Simon,25,2014,73,69,81,76,87,63,0.6,1
DL,Garrison Smith,25,2015,53,60,79,55,63,23,0.3,2
OL,Bradley Sowell,27,2013,83,79,83,75,74,74,0.7,1
S,Steven Terrell,26,2014,57,55,85,72,92,55,0.4,1
S,Earl Thomas III,27,2011,76,87,91,87,91,77,11.4,3
RB,Taniela Tupou,24,2017,58,59,83,59,75,69,0.4,3
WR,Nick Vannett,21,2017,66,50,84,79,76,73,0.8,4
LB,Bobby Wagner,26,2013,78,87,90,92,83,89,9.9,4
OL,J'Marcus Webb,28,2011,75,72,85,90,69,70,1.8,2
RB,Brandon Williams,29,2014,69,55,80,67,84,72,0.4,1
WR,Luke Willson,26,2014,79,75,82,79,87,75,0.5,1
QB,Russell Wilson,28,2013,80,91,97,93,91,84,29.9,4
LB,K.J. Wright,27,2012,86,88,90,95,82,84,6.8,3
END_PLAYERS
######################################################################  49ERS
San Francisco 49ers,SF
DL,Arik Armstead,23,2016,73,72,78,80,80,29,4.8,3
LB,Ray-Ray Armstrong,27,2014,61,68,85,77,71,77,0.4,1
OL,Zane Beadles,30,2011,74,83,90,83,78,71,3.8,3
RB,Blake Bell,24,2016,65,38,79,76,79,77,0.7,3
LB,Nick Bellore,27,2012,63,72,83,86,82,74,0.6,1
S,Antoine Bethea,32,2007,79,72,89,78,86,73,6.6,2
DL,Ronald Blair,23,2017,56,48,87,79,76,31,0.5,4
LB,Navorro Bowman,28,2011,73,89,85,92,86,85,12.6,3
CB,Tramaine Brock,28,2011,84,83,87,78,88,55,4.7,2
LB,Ahmad Brooks,32,2007,71,79,88,69,76,74,12.7,2
OL,Trent Brown,24,2016,59,59,78,90,73,74,0.4,3
DL,DeForest Buckner,22,2017,84,71,89,74,78,33,12.6,4
WR,Aaron Burbridge,23,2017,59,51,87,74,89,77,0.4,4
LB,Tank Carradine,26,2014,69,68,82,81,82,77,2.2,1
WR,Garrett Celek,28,2013,71,71,80,76,79,71,3.4,4
S,Marcus Cromartie,26,2014,56,56,86,69,90,52,0.4,1
OL,Anthony Davis,27,2011,84,75,80,90,79,83,7.9,4
CB,Chris Davis,26,2015,67,60,88,75,86,59,0.4,1
RB,Mike Davis,23,2016,63,55,79,80,88,79,0.7,3
K,Phil Dawson,41,1999,76,65,78,87,84,65,1.9,1
DL,Quinton Dial,26,2014,78,81,78,82,79,21,5.4,3
DL,Glenn Dorsey,31,2009,67,75,88,80,81,20,4.3,1
RB,Shaun Draughn,29,2012,66,78,85,80,82,81,0.6,1
QB,Blaine Gabbert,27,2012,67,71,89,88,81,63,1.7,1
OL,Joshua Garnett,22,2017,68,72,88,82,74,71,5.7,4
LB,Eli Harold,24,2016,57,61,86,77,77,77,0.9,3
RB,DuJuan Harris,28,2012,67,59,85,77,88,84,0.5,1
DL,Taylor Hart,25,2015,68,64,88,71,74,43,0.6,2
LB,Gerald Hodges Jr.,25,2014,72,64,88,87,79,79,0.8,1
RB,Carlos Hyde,25,2015,82,83,90,86,86,85,1.3,2
DL,Tony Jerod-Eddie,26,2013,69,74,83,78,76,40,0.6,1
CB,Dontae Johnson,25,2015,82,74,87,78,89,56,0.7,2
QB,Colin Kaepernick,29,2012,83,70,94,94,75,82,17.2,5
WR,Jeremy Kerley,28,2012,85,83,86,81,84,81,0.6,1
OL,Daniel Kilgore,29,2012,71,76,87,89,74,77,1.9,2
LB,Aaron Lynch,23,2015,72,82,81,78,77,78,0.5,2
OL,Marcus Martin,23,2015,61,74,84,82,67,72,0.9,2
WR,Vance McDonald,26,2014,68,67,85,78,81,73,1.3,1
OL,Kyle Nelson,30,2012,67,66,84,68,52,62,0.9,3
WR,Quinton Patton,26,2014,62,63,85,77,87,81,0.8,1
K,Bradley Pinion,22,2016,63,60,81,86,80,60,0.5,3
QB,Christian Ponder,28,2012,67,65,85,83,75,73,0.5,1
DL,Mike Purcell,25,2014,66,60,86,74,74,32,0.3,1
CB,Keith Reaser,25,2015,64,56,77,70,90,52,0.5,2
S,Eric Reid,25,2014,79,67,87,77,88,62,4.2,2
CB,Rashard Robinson,21,2017,57,53,90,68,92,43,0.4,4
WR,Torrey Smith,27,2012,83,77,92,80,91,82,18.1,4
OL,Joe Staley,32,2008,86,94,90,83,82,85,6.5,4
WR,Rod Streater,28,2013,70,66,88,83,88,77,0.5,1
S,Jaquiski Tartt,24,2016,78,62,89,73,89,66,1.9,3
OL,John Theus,22,2017,58,59,90,69,73,68,0.5,4
OL,Andrew Tiller,26,2013,63,68,86,77,77,72,0.4,1
CB,Jimmie Ward,25,2015,64,68,91,79,89,70,3.3,2
LB,Michael Wilhoite,30,2012,75,75,87,84,78,82,1.1,1
END_PLAYERS
