## Antdroid/Minotauri NFL Roster for 2017-18 Season
## version 1.55 (11-21-2017)
##Changelog
##v1.0 Initial Release
##v1.11 Fixed extra comma bug affecting iOS and players with initials for first name
##v1.20: Randomized Potential based on Age
##v1.30 Fixed Player Salaries; New Coverage Formula; Using PFC-Converter v1.2
##v1.50 Normalizing Salaries to avoid salary cap issues
## http://www.AntDroid.net
######################################################################  RAVENS
Baltimore Ravens,BAL
QB,Ryan Mallett,29,2011,74,45,78,93,60,37,1.9,1
QB,Joe Flacco,32,2008,56,63,95,99,65,40,19.9,2
RB,Danny Woodhead,32,2008,50,70,68,67,81,76,2.3,3
RB,Terrance West,26,2014,84,75,85,75,81,86,1.1,1
RB,Javorius Allen,26,2015,64,60,73,71,81,76,0.5,2
RB,Alex Collins,23,2016,76,60,83,60,81,80,0.4,3
RB,Kenneth Dixon,23,2016,93,60,78,75,78,90,0.5,3
RB,Maxx Williams,23,2015,88,45,70,61,65,71,0.8,2
WR,Jeremy Maclin,29,2009,83,68,71,87,88,80,5,2
WR,Mike Wallace,31,2009,64,75,83,73,88,74,5.6,1
WR,Michael Campanaro,26,2014,83,60,70,68,85,70,0.9,1
WR,Breshad Perriman,24,2015,98,54,63,63,95,80,2.1,2
WR,Chris Moore,24,2016,82,40,75,62,85,65,0.6,3
WR,Benjamin Watson,37,2004,62,68,75,73,65,65,2.3,1
WR,Vince Mayle,26,2015,85,40,73,63,70,76,0.3,1
WR,Nick Boyle,24,2015,69,60,83,68,59,53,0.4,2
OL,Ronnie Stanley,23,2016,73,73,81,78,85,62,5.2,3
OL,James Hurst,26,2014,74,64,67,63,60,60,0.9,1
OL,Morgan Cox,31,2010,52,60,70,45,40,50,0.7,4
OL,Ryan Jensen,26,2013,87,62,81,85,93,60,1.1,1
OL,Luke Bowanko,26,2014,99,45,68,75,71,60,0.4,1
OL,Marshal Yanda,33,2007,75,100,90,90,97,78,5.9,2
OL,Matt Skura,24,2016,82,54,78,75,61,60,0.3,2
OL,Austin Howard,30,2010,71,62,71,78,90,62,3.3,3
OL,Jermaine Eluemunor,23,2017,91,40,87,88,61,60,0.5,4
DL,Willie Henry,23,2016,85,54,71,75,75,80,0.5,3
DL,Chris Wormley,24,2017,92,45,75,70,68,80,0.7,4
DL,Brent Urban,26,2014,85,60,62,64,65,71,0.4,1
DL,Bronson Kaufusi,26,2016,71,45,83,67,67,74,0.7,3
DL,Brandon Williams,28,2013,78,85,65,97,90,71,8.1,5
DL,Carl Davis,25,2015,80,62,63,81,75,67,0.6,2
DL,Michael Pierce,25,2016,99,73,71,93,85,76,0.3,2
DL,Patrick Ricard,23,2017,79,45,68,85,75,74,0.3,3
LB,Matt Judon,25,2016,74,45,70,65,73,68,0.4,3
LB,Tyus Bowser,22,2017,82,45,78,64,64,74,1.2,4
LB,Steven Johnson,29,2012,74,50,73,68,60,70,0.5,1
LB,CJ Mosley,25,2014,75,73,83,90,68,86,2.9,2
LB,Kamalei Correa,23,2016,79,56,78,68,65,76,1.3,3
LB,Patrick Onwuasor,25,2016,94,58,81,64,63,76,0.3,1
LB,Terrell Suggs,35,2003,75,71,88,87,88,73,5.3,2
LB,Za'Darius Smith,25,2015,66,60,78,65,67,68,0.5,2
LB,Tim Williams,24,2017,88,45,71,61,63,73,0.6,4
CB,Brandon Carr,31,2008,78,65,85,86,78,60,4.3,4
CB,Jimmy Smith,29,2011,82,81,83,92,83,70,9.5,3
CB,Maurice Canady,23,2016,72,40,75,76,83,63,0.4,3
CB,Tavon Young,23,2016,71,61,83,83,85,47,0.6,3
CB,Marlon Humphrey,21,2017,83,57,81,81,88,67,2.9,4
CB,Jaylen Hill,23,2017,85,40,65,73,71,44,0.3,3
S,Eric Weddle,32,2007,64,90,88,88,73,83,5.2,3
S,Lardarius Webb,32,2009,77,62,78,88,85,53,1.6,3
S,Chuck Clark,22,2017,81,40,83,71,81,66,0.4,4
S,Anthony Levine ,30,2010,51,62,70,83,75,59,1,3
S,Tony Jefferson,25,2013,99,87,71,83,71,81,6.9,4
K,Justin Tucker,28,2012,71,57,71,100,100,57,3.6,3
K,Sam Koch,35,2006,50,59,65,87,90,59,2.5,4
END_PLAYERS
######################################################################  BENGALS
Cincinnati Bengals,CIN
QB,Andy Dalton,30,2011,84,68,93,88,70,40,11.5,4
QB,AJ McCarron,27,2014,91,61,88,75,65,40,0.4,1
RB,Giovani Bernard,26,2013,62,67,68,70,87,83,3.1,3
RB,Jeremy Hill,25,2014,64,68,83,78,81,83,0.7,1
RB,Joe Mixon,21,2017,89,54,87,75,87,88,1.2,4
RB,Ryan Hewitt,26,2014,70,58,81,57,62,59,1.4,3
RB,Cethan Carter,24,2017,92,35,68,59,70,62,0.3,3
WR,AJ Green,29,2011,60,100,90,95,87,92,9.4,3
WR,Brandon LaFell,31,2010,61,71,83,81,75,74,2.8,2
WR,Tyler Boyd,23,2016,77,61,73,75,81,59,0.9,3
WR,Cody Core,23,2016,93,45,73,65,85,65,0.4,3
WR,Alex Erickson,25,2016,66,35,75,65,81,66,0.3,2
WR,John Ross,22,2017,79,58,75,70,100,70,4.3,4
WR,Josh Malone,21,2017,76,45,75,70,88,59,0.6,4
WR,Tyler Eifert,27,2013,70,81,73,83,71,71,3,1
WR,Tyler Kroft,25,2015,71,56,64,67,67,66,0.6,2
WR,CJ Uzomah,24,2015,95,45,75,62,73,67,0.4,2
OL,Cedric Ogbuehi,25,2015,94,61,62,68,60,60,2.2,2
OL,Clint Boling,28,2011,67,63,88,78,61,68,3.6,3
OL,Christian Westerman,24,2016,91,40,78,81,63,60,0.4,3
OL,Clark Harris,33,2007,79,54,71,60,40,45,0.6,1
OL,TJ Johnson,27,2013,79,45,71,75,60,61,1.2,2
OL,Russell Bodine,25,2014,69,68,83,99,60,59,0.7,1
OL,Trey Hopkins,25,2014,82,56,70,78,60,59,0.3,2
OL,Alex Redmond,22,2016,85,40,63,75,60,58,0.3,2
OL,Andre Smith,30,2009,90,52,75,95,62,60,3,1
OL,Eric Winston,34,2006,53,60,81,68,62,60,0.6,1
OL,Jake Fisher,24,2015,73,62,70,70,60,60,0.9,2
DL,Carlos Dunlap,28,2010,60,71,68,64,68,86,5.1,2
DL,Chris Smith,25,2014,99,40,71,73,71,80,0.4,1
DL,Michael Johnson,30,2009,50,61,70,60,63,83,3.8,2
DL,Jordan Willis,22,2017,72,45,87,73,73,88,0.7,4
DL,Geno Atkins,29,2010,70,90,73,85,81,78,8.5,2
DL,Pat Sims,32,2008,62,61,71,83,75,70,0.7,1
DL,Andrew Billings,22,2016,69,40,70,87,75,71,0.5,3
DL,Ryan Glasgow,24,2017,90,54,70,81,73,65,0.5,4
LB,Nick Vigil,24,2016,67,45,83,78,63,70,0.6,3
LB,Carl Lawson,22,2017,73,57,67,65,75,68,0.6,4
LB,Kevin Minter,27,2013,83,75,75,71,68,78,4,1
LB,Vincent Rey,30,2010,90,67,83,85,70,74,2.2,2
LB,Hardy Nickerson,23,2017,94,40,81,75,65,66,0.3,3
LB,Vontaze Burfict,27,2012,64,85,95,85,75,76,3.5,1
LB,Jordan Evans,22,2017,86,40,81,62,63,76,0.4,4
CB,Adam Jones,34,2005,67,64,78,88,78,44,5,2
CB,Dre Kirkpatrick,28,2012,60,67,73,86,81,40,7.4,5
CB,Darqueze Dennard,26,2014,68,60,83,83,88,67,1.9,1
CB,Josh Shaw,25,2015,99,45,65,78,85,63,0.5,2
CB,William Jackson III,25,2016,78,45,75,83,88,40,2.3,3
S,George Iloka,27,2012,85,68,81,83,73,57,4.1,4
S,Clayton Fejedelem,24,2016,80,45,87,76,78,66,0.4,3
S,Shawn Williams,26,2013,70,61,85,83,85,83,2.8,4
S,KeiVarae Russell,24,2016,81,40,75,80,83,63,0.5,3
K,Randy Bullock,28,2012,81,40,62,93,68,40,0.5,2
K,Marshall Koehn,25,2016,95,35,54,35,81,35,0.3,2
K,Kevin Huber,32,2009,59,40,70,81,60,40,2,1
END_PLAYERS
######################################################################  BROWNS
Cleveland Browns,CLE
QB,Kevin Hogan,25,2016,70,60,90,75,62,59,0.3,1
QB,Cody Kessler,24,2016,98,50,83,83,61,37,0.6,3
QB,DeShone Kizer,21,2017,99,45,93,95,60,68,1,4
RB,Isaiah Crowell,24,2014,94,63,78,81,83,83,1.7,1
RB,Duke Johnson,24,2015,95,65,70,67,85,83,0.6,2
RB,Darius Jackson,24,2016,91,35,81,70,88,73,0.4,3
RB,Matt Dayes,22,2017,70,40,71,59,71,65,0.4,4
RB,Dan Vitale,24,2016,91,45,81,60,73,71,0.3,2
WR,Kenny Britt,29,2009,73,64,83,73,75,80,6.1,4
WR,Sammie Coates,24,2015,96,45,81,62,87,76,0.6,2
WR,Kasen Williams,25,2015,74,45,62,65,73,63,0.3,1
WR,Corey Coleman,23,2016,99,61,78,70,90,71,2.9,3
WR,Rashard Higgins,23,2016,85,45,83,68,73,65,0.4,3
WR,Ricardo Louis,23,2016,94,57,81,67,87,66,0.5,3
WR,Randall Telfer,25,2015,78,50,64,61,63,67,0.4,2
WR,Seth DeValve,24,2016,96,57,75,68,70,68,0.5,3
WR,David Njoku,21,2017,66,45,75,68,73,73,2.3,4
OL,Joe Thomas,33,2007,83,100,99,90,78,95,7.2,2
OL,Zach Banner,24,2017,71,45,67,85,68,60,0.5,4
OL,Marcus Martin,24,2014,91,62,71,68,60,59,1.1,1
OL,Joel Bitonio,26,2014,72,75,87,75,63,83,5.4,6
OL,Charley Hughlett,27,2014,62,45,68,83,61,60,0.7,6
OL,JC Tretter,26,2013,74,63,75,60,59,52,4.4,3
OL,Austin Reiter,26,2015,83,40,73,62,65,59,0.3,1
OL,Kevin Zeitler,27,2012,79,71,88,87,62,67,9,5
OL,Spencer Drango,25,2016,98,60,85,70,65,61,0.4,3
OL,Shon Coleman,26,2016,82,50,70,75,73,60,0.6,3
DL,Nate Orchard,24,2015,78,56,81,61,59,71,0.9,2
DL,Emmanuel Ogbah,24,2016,98,45,81,62,67,83,1.5,3
DL,Carl Nassib,24,2016,91,50,75,60,60,74,0.7,3
DL,Myles Garrett,22,2017,74,57,71,97,81,83,7.9,4
DL,Jamie Meder,26,2014,70,61,85,78,68,68,0.4,1
DL,Danny Shelton,24,2015,67,71,73,95,90,70,2.9,2
DL,TY McGill,25,2015,69,54,78,73,71,71,0.3,1
DL,Caleb Brantley,23,2017,72,40,71,83,75,70,0.4,4
DL,Larry Ogunjobi,23,2017,99,57,78,81,71,76,0.8,4
DL,Trevon Coley,23,2016,99,45,71,73,71,81,0.3,2
LB,Jamie Collins,28,2013,80,64,85,78,67,86,8.6,4
LB,Tank Carder,28,2012,87,45,85,70,61,73,0.9,1
LB,Joe Schobert,24,2016,91,59,85,59,60,73,0.6,3
LB,James Burgess,23,2016,76,45,73,67,68,67,0.3,2
LB,Christian Kirksey,25,2014,81,71,73,88,67,86,5.5,5
LB,Josh Keyes,24,2015,86,40,78,60,60,67,0.4,1
CB,Jamar Taylor,27,2013,75,60,83,86,88,46,3,3
CB,Jason McCourty,30,2009,71,73,68,90,88,70,2.3,2
CB,Briean Boddy-Calhoun,24,2016,71,70,73,88,85,44,0.3,2
CB,Darius Hillary,24,2016,97,35,68,68,78,40,0.3,2
CB,Michael Jordan,25,2016,75,45,71,76,73,43,0.3,2
CB,Howard Wilson,22,2017,96,40,75,74,78,55,0.6,4
S,Derrick Kindred,24,2016,80,64,83,83,83,76,0.5,3
S,Kai Nacua,22,2017,90,40,81,78,81,59,0.3,1
S,Derron Smith,25,2015,90,45,68,74,73,40,0.4,2
S,Jabrill Peppers,22,2017,88,54,83,81,85,80,2.5,4
K,Zane Gonzalez,22,2017,83,40,64,97,63,40,0.4,4
K,Britton Colquitt,32,2009,75,45,68,81,67,45,1.8,4
END_PLAYERS
######################################################################  STEELERS
Pittsburgh Steelers,PIT
QB,Ben Roethlisbergr,35,2004,69,73,95,95,73,63,17.1,3
QB,Landry Jones,28,2013,65,40,83,87,62,37,1.6,2
QB,Joshua Dobbs,22,2017,98,50,78,87,61,80,0.6,4
RB,Le'Veon Bell,25,2013,86,78,78,95,85,100,7.6,1
RB,Terrell Watson,24,2015,69,52,75,67,78,83,0.3,1
RB,James Conner,22,2017,76,52,78,78,73,73,0.6,4
RB,Roosevelt Nix,25,2014,79,60,78,58,64,65,0.4,1
WR,Darrius Heyward-Bey,30,2009,70,67,75,64,87,76,0.9,2
WR,Justin Hunter,26,2013,83,50,67,61,85,71,0.6,1
WR,Antonio Brown,29,2010,68,100,88,100,88,90,12.6,5
WR,Martavis Bryant,26,2014,75,67,78,70,90,73,0.5,1
WR,Eli Rogers,25,2015,71,63,73,81,81,73,0.3,1
WR,JuJu Smith-Schuste,21,2017,85,60,88,73,81,76,0.8,4
WR,Vance McDonald,27,2013,75,50,70,64,70,65,4.2,5
WR,Jesse James,23,2015,83,64,73,71,70,57,0.4,2
WR,Xavier Grimble,25,2014,88,52,68,61,60,57,0.3,1
OL,Alejandro Villanueva,29,2014,63,78,78,75,68,62,4.8,4
OL,Jerald Hawkins,24,2016,97,40,83,67,67,61,0.5,3
OL,Ramon Foster,31,2009,71,93,71,81,60,73,2.6,2
OL,BJ Finney,26,2015,71,57,81,71,62,70,0.3,1
OL,Maurkice Pouncey,28,2010,61,88,73,87,63,60,7.1,3
OL,Kameron Canaday,25,2016,78,40,78,56,35,60,0.3,1
OL,David DeCastro,27,2012,70,93,88,93,100,71,8.6,5
OL,Matt Feiler,25,2014,95,40,73,93,65,59,0.3,1
OL,Marcus Gilbert,29,2011,87,85,75,87,61,75,4.8,3
OL,Chris Hubbard,26,2013,68,54,71,62,62,59,1.1,1
DL,Cameron Heyward,28,2011,79,85,83,85,85,78,7.7,4
DL,Leterrius Walton,25,2015,70,60,70,73,70,68,0.4,2
DL,Tyson Alualu,30,2010,65,67,75,75,75,74,2.3,2
DL,Stephon Tuitt,24,2014,90,75,65,87,83,74,1,1
DL,Daniel McCullers,25,2014,86,60,65,81,75,60,0.4,1
DL,Javon Hargrave,24,2016,70,62,81,73,71,80,0.6,3
LB,Arthur Moats,29,2010,86,52,71,61,60,70,2,1
LB,Anthony Chickillo,25,2015,86,50,83,61,64,68,0.4,1
LB,Bud Dupree,24,2015,87,54,75,68,64,80,2.2,2
LB,LJ Fort,27,2012,63,45,75,71,67,71,0.3,1
LB,Vince Williams,28,2013,61,64,71,75,67,73,1.6,2
LB,Ryan Shazier,25,2014,76,73,71,75,75,94,3.1,2
LB,Tyler Matakevich,25,2016,89,40,87,70,68,68,0.4,3
LB,James Harrison,39,2002,43,70,85,73,90,68,1.3,2
LB,TJ Watt,23,2017,89,54,75,75,70,76,2.2,4
LB,Keion Adams,22,2017,91,40,81,61,67,68,0.4,4
CB,Joe Haden,28,2010,64,65,90,94,83,44,6.8,3
CB,William Gay,32,2007,44,75,85,86,81,70,2,2
CB,Coty Sensabaugh,29,2012,79,57,78,86,85,37,0.9,2
CB,Mike Hilton,23,2016,95,63,71,83,78,59,0.3,1
CB,Artie Burns,22,2016,90,67,71,88,87,43,2.3,3
CB,Brian Allen,24,2017,77,40,75,74,87,40,0.4,4
CB,Cameron Sutton,22,2017,92,45,78,76,81,43,0.6,4
S,Mike Mitchell,30,2009,76,63,87,81,78,66,3.7,2
S,JJ Wilcox,26,2013,64,60,75,81,81,78,2,2
S,Robert Golden,27,2012,78,57,78,80,78,62,1.3,2
S,Sean Davis,24,2016,82,60,83,83,85,60,0.8,3
K,Chris Boswell,26,2014,80,54,65,88,87,54,0.4,1
K,Jordan Berry,26,2014,84,45,65,87,70,45,0.3,1
END_PLAYERS
######################################################################  BILLS
Buffalo Bills,BUF
QB,Tyrod Taylor,28,2011,85,71,83,87,67,71,11.7,2
QB,Joe Webb,31,2010,65,54,70,83,54,80,0.6,1
QB,Nathan Peterman,23,2017,79,52,85,87,61,53,0.4,4
RB,Mike Tolbert,32,2008,65,73,81,71,62,70,0.7,1
RB,LeSean McCoy,29,2009,51,81,73,67,85,86,6.6,3
RB,Travaris Cadet,28,2012,72,54,73,62,78,80,0.5,1
RB,Patrick DiMarco,28,2011,55,67,85,60,60,65,1.6,4
WR,Brandon Tate,30,2009,57,50,71,60,81,81,0.7,1
WR,Deonte Thompson,28,2012,64,58,65,64,88,70,0.6,1
WR,Andre Holmes,29,2011,78,61,68,68,78,70,1.4,3
WR,Jordan Matthews,25,2014,86,75,87,68,85,74,1.1,1
WR,Kelvin Benjamin,26,2014,75,81,75,83,75,76,2.6,2
WR,Jeremy Butler,26,2014,97,40,75,64,75,65,0.4,1
WR,Zay Jones,22,2017,87,57,90,81,85,76,1.5,4
WR,Charles Clay,28,2011,76,70,88,78,70,74,6,3
WR,Logan Thomas,26,2014,82,40,83,60,71,71,0.5,1
WR,Nick O'Leary,25,2015,71,54,81,71,60,53,0.3,1
WR,Khari Lee,25,2015,89,45,75,60,61,65,0.4,2
OL,Cordy Glenn,28,2012,90,83,75,90,60,61,9.5,4
OL,Seantrel Henderson,25,2014,85,60,60,70,63,56,0.5,1
OL,Dion Dawkins,23,2017,85,54,83,85,64,60,0.8,4
OL,Conor McDermott,25,2017,88,40,75,71,61,60,0.4,4
OL,Richie Incognito,34,2005,53,88,88,93,78,75,4,2
OL,Ryan Groy,27,2014,65,60,70,75,63,61,1.6,2
OL,Eric Wood,31,2009,55,81,78,81,62,59,6.8,3
OL,Reid Ferguson,23,2016,89,35,78,35,35,60,0.3,2
OL,Vladimir Ducasse,30,2010,83,63,78,88,61,61,0.8,3
OL,John Miller,24,2015,98,68,71,75,60,68,0.6,2
OL,Jordan Mills,27,2013,64,61,75,71,60,60,1.3,2
DL,Eddie Yarbrough,24,2016,95,45,63,68,68,80,0.3,1
DL,Shaq Lawson,23,2016,73,57,70,73,75,83,2.5,3
DL,Jerry Hughes,29,2010,88,70,87,61,65,83,6.5,3
DL,Ryan Davis,28,2012,88,50,70,60,60,76,0.7,2
DL,Kyle Williams,34,2006,63,78,73,85,85,73,5.6,1
DL,Cedric Thornton,29,2011,75,59,68,81,78,71,3.4,3
DL,Jerel Worthy,27,2012,83,54,70,68,73,73,0.4,1
DL,Adolphus Washington,25,2016,81,52,71,60,67,80,0.6,3
LB,Lorenzo Alexander,34,2005,73,73,78,70,73,80,2.2,2
LB,Tanner Vallejo,23,2017,91,40,70,71,65,67,0.4,4
LB,Preston Brown,25,2014,98,68,90,67,70,80,0.7,1
LB,Deon Lacey,27,2013,81,45,71,60,61,70,0.4,2
LB,Ramon Humber,30,2009,76,60,68,68,60,71,0.6,1
LB,Matt Milano,23,2017,82,40,87,70,68,67,0.5,4
CB,Shareece Wright,30,2011,52,58,78,81,85,47,0.5,1
CB,Leonard Johnson,27,2012,86,57,81,80,75,46,0.6,1
CB,EJ Gaines,25,2014,98,70,75,83,83,57,0.5,1
CB,Lafayette Pitts,25,2016,73,40,78,74,85,40,0.3,1
CB,Tre'Davious White,22,2017,83,62,83,83,85,66,2.4,4
S,Colt Anderson,32,2009,65,58,78,74,73,59,0.7,1
S,Shamarko Thomas,26,2013,66,45,75,81,85,66,0.5,1
S,Jordan Poyer,26,2013,78,75,73,83,78,40,2.6,4
S,Micah Hyde,27,2013,76,70,75,86,81,70,4.8,5
S,Trae Elston,23,2016,72,35,70,70,83,68,0.3,2
K,Steven Hauschka,32,2008,61,40,67,97,75,40,2.5,3
K,Colton Schmidt,27,2014,85,40,68,83,61,40,1,2
END_PLAYERS
######################################################################  DOLPHINS
Miami Dolphins,MIA
QB,Jay Cutler,34,2006,58,60,65,95,62,37,6.3,1
QB,Matt Moore,33,2007,50,63,87,71,63,37,1.3,1
QB,Ryan Tannehill,29,2012,71,67,93,87,67,66,14,4
QB,David Fales,27,2014,97,40,85,70,64,40,0.4,1
RB,Senorise Perry,26,2014,65,40,71,57,88,71,0.4,2
RB,Damien Williams,25,2014,79,60,73,68,87,80,1.1,1
RB,Kenyan Drake,23,2016,89,45,68,60,87,76,0.7,3
RB,MarQueis Gray,28,2013,74,57,73,60,67,71,0.7,2
WR,Kenny Stills,25,2013,66,73,81,75,88,74,6.1,4
WR,Jarvis Landry,25,2014,79,78,87,97,87,90,0.7,1
WR,DeVante Parker,24,2015,68,78,78,83,87,74,2.7,2
WR,Leonte Carroo,23,2016,87,45,78,70,83,65,0.6,3
WR,Jakeem Grant,25,2016,70,40,71,65,97,67,0.4,3
WR,Anthony Fasano,33,2006,42,64,81,62,61,59,2.5,1
WR,Julius Thomas,29,2011,77,62,70,71,73,76,3.8,2
OL,Sam Young,30,2010,69,59,71,70,68,60,0.7,1
OL,Laremy Tunsil,23,2016,92,62,87,81,67,60,3.1,3
OL,Ted Larsen,30,2010,67,59,81,64,67,60,1.4,3
OL,Jesse Davis,26,2015,78,40,81,71,61,59,0.3,2
OL,John Denney,39,2005,59,78,78,60,40,45,0.6,1
OL,Mike Pouncey,28,2011,90,67,65,81,61,60,6.2,4
OL,Jake Brendel,25,2016,74,35,85,65,61,60,0.3,1
OL,Jermon Bushrod,33,2007,82,67,87,78,60,59,2.3,1
OL,Isaac Asiata,25,2017,80,40,88,88,65,61,0.5,4
OL,Ja'Wuan James,25,2014,79,71,75,71,60,65,2.9,2
OL,Zach Sterup,25,2016,95,40,73,75,65,60,0.3,1
DL,Andre Branch,28,2012,81,62,64,58,60,76,6.3,3
DL,Terrence Fede,26,2014,60,40,75,61,64,78,0.4,1
DL,Charles Harris,22,2017,66,54,73,61,63,83,2.6,4
DL,Cameron Wake,35,2009,60,87,81,73,71,83,5.4,2
DL,William Hayes,32,2008,51,73,81,73,83,83,4.2,1
DL,Ndamukong Suh,30,2010,70,73,95,100,99,90,15.1,4
DL,Jordan Phillips,25,2015,84,57,60,83,75,70,0.9,2
DL,Vincent Taylor,23,2017,95,45,78,71,67,66,0.4,4
DL,Davon Godchaux,23,2017,99,52,73,73,70,73,0.4,4
LB,Lawrence Timmons,31,2007,54,75,85,75,68,81,5.5,2
LB,Stephone Anthony,25,2015,67,56,70,71,67,78,1.8,2
LB,Rey Maualuga,30,2009,74,60,88,73,73,67,0.7,1
LB,Mike Hull,26,2015,77,56,81,70,73,73,0.4,1
LB,Kiko Alonso,27,2013,86,67,73,78,63,76,5.6,4
LB,Chase Allen,24,2017,77,45,81,70,65,73,0.3,3
CB,Alterraun Verner,29,2010,78,52,75,81,75,70,0.6,1
CB,Walt Aikens,26,2014,64,45,78,78,83,44,0.5,1
CB,Bobby McCain,24,2015,79,63,75,86,83,43,0.4,2
CB,Xavien Howard,24,2016,93,45,85,81,87,53,1.4,3
CB,Cordrea Tankersley,24,2017,78,45,88,73,88,63,0.6,4
CB,Torry McTyer,22,2017,82,40,71,73,88,40,0.3,3
S,Nate Allen,30,2010,69,61,68,81,75,66,3.4,1
S,TJ McDonald,26,2013,88,62,73,83,75,59,0.2,5
S,Maurice Smith,22,2017,76,40,71,68,73,55,0.3,3
S,Reshad Jones,29,2010,60,90,71,92,75,90,8.2,6
S,Michael Thomas,27,2012,87,60,78,81,75,60,1.1,1
S,Jordan Lucas,24,2016,87,35,73,73,87,62,0.4,3
K,Cody Parkey,25,2014,82,40,75,93,67,40,0.4,1
K,Matt Haack,23,2017,69,40,65,97,62,40,0.3,3
END_PLAYERS
######################################################################  PATRIOTS
New England Patriots,NE
QB,Tom Brady,40,2000,71,105,100,95,100,40,15.6,3
QB,Brian Hoyer,32,2009,55,62,68,85,63,37,5,2
RB,Dion Lewis,27,2011,83,70,65,67,87,83,1,1
RB,Brandon Bolden,27,2012,85,58,75,67,81,74,0.6,1
RB,Mike Gillislee,27,2013,90,67,78,78,81,83,2,2
RB,Rex Burkhead,27,2013,68,64,85,75,71,81,2.6,1
RB,James White,25,2014,62,63,70,68,83,80,2.6,4
RB,James Develin,29,2010,61,71,78,57,57,47,0.9,2
WR,Matthew Slater,32,2008,55,67,75,60,78,67,1.3,1
WR,Julian Edelman,31,2009,65,97,83,85,75,86,4.6,3
WR,Danny Amendola,32,2008,68,73,78,83,71,74,2.8,1
WR,Chris Hogan,29,2011,63,85,73,90,81,73,2.5,2
WR,Brandin Cooks,24,2014,97,78,81,85,97,80,2.7,2
WR,Phillip Dorsett,24,2015,95,59,63,71,97,71,1.9,2
WR,Martellus Bennett,30,2008,69,71,78,75,64,67,5.7,3
WR,Rob Gronkowski,28,2010,75,93,73,97,70,74,6.8,3
WR,Dwayne Allen,27,2012,72,68,73,71,61,60,5.2,3
WR,Jacob Hollister,24,2017,76,40,81,63,71,71,0.3,3
OL,Nate Solder,29,2011,89,81,78,85,61,60,8.9,1
OL,LaAdrian Waddle,26,2013,82,59,70,78,60,60,0.8,1
OL,Joe Thuney,25,2016,80,70,85,75,61,63,0.6,3
OL,Joe Cardona,25,2015,69,35,75,68,35,52,0.4,2
OL,David Andrews,25,2015,73,81,81,75,75,60,1.8,4
OL,Ted Karras,24,2016,75,40,85,75,67,60,0.4,3
OL,Shaq Mason,24,2015,84,75,73,78,93,60,0.5,2
OL,Cole Croston,24,2017,68,40,73,68,64,59,0.3,3
OL,Marcus Cannon,29,2011,65,78,64,88,75,60,4.9,5
OL,Cameron Fleming,25,2014,93,59,71,73,61,64,1.1,1
DL,Lawrence Guy,27,2011,68,67,81,71,73,71,2.7,4
DL,Ricky Jean-Francois,31,2009,58,60,64,71,73,71,0.6,1
DL,Deatrich Wise Jr.,23,2017,70,56,67,73,71,76,0.6,4
DL,Cassius Marsh,25,2014,75,59,83,50,57,73,0.5,1
DL,Trey Flowers,24,2015,88,65,83,78,78,80,0.5,2
DL,Alan Branch,33,2007,41,60,67,87,81,67,3.3,2
DL,Malcom Brown,23,2015,90,68,68,73,75,71,1.8,2
LB,Shea McClellin,28,2012,70,63,71,68,61,71,2.4,2
LB,Kyle Van Noy,26,2014,83,60,71,70,62,76,1.1,1
LB,Marquis Flowers,25,2014,89,45,71,58,60,76,0.4,1
LB,Trevor Reilly,29,2014,60,45,75,61,64,67,0.4,1
LB,David Harris,33,2007,67,61,88,78,71,68,2,2
LB,Dont'a Hightower,27,2012,82,85,87,93,87,80,7.1,4
LB,Elandon Roberts,23,2016,90,60,75,75,75,73,0.4,3
CB,Stephon Gilmore,27,2012,90,67,83,90,88,45,10.4,5
CB,Johnson Bademosi,27,2012,77,45,83,83,85,60,2,1
CB,Malcolm Butler,27,2014,73,85,73,94,83,66,2.4,1
CB,Eric Rowe,25,2015,91,50,73,83,87,60,1,2
CB,Jonathan Jones,24,2016,85,45,63,78,95,40,0.3,2
S,Devin McCourty,30,2010,60,88,87,96,85,68,7.8,3
S,Duron Harmon,26,2013,65,64,78,83,81,55,3.4,4
S,Brandon King,24,2015,70,45,70,76,83,40,0.4,1
S,Patrick Chung,30,2009,79,70,93,83,75,68,2.2,2
S,Nate Ebner,29,2012,76,45,95,74,78,71,0.8,1
S,Jordan Richards,24,2015,77,40,85,76,75,70,0.7,2
K,Stephen Gostkowski,33,2006,52,45,67,93,68,45,3.6,2
K,Ryan Allen,27,2013,73,40,71,87,65,40,1.7,2
END_PLAYERS
######################################################################  JETS
New York Jets,NYJ
QB,Josh McCown,38,2002,49,71,70,73,64,37,5.6,1
QB,Bryce Petty,26,2015,77,45,70,87,60,45,0.5,2
QB,Christian Hackenberg,22,2016,67,50,78,95,57,40,1,3
RB,Matt Forte,32,2008,70,64,83,83,78,81,3.1,2
RB,Bilal Powell,29,2011,56,81,73,78,81,81,2.9,2
RB,Elijah McGuire,23,2017,72,40,78,78,83,90,0.4,4
RB,Lawrence Thomas,24,2016,89,45,73,45,60,45,0.3,2
WR,Jeremy Kerley,29,2011,88,63,75,75,75,74,0.5,1
WR,Jermaine Kearse,27,2012,63,75,88,75,85,73,4,2
WR,Robby Anderson,24,2016,83,61,68,70,93,66,0.3,2
WR,ArDarius Stewart,24,2017,95,52,75,70,83,76,0.7,4
WR,Chad Hansen,22,2017,98,45,75,71,83,65,0.5,4
WR,Austin S-Jenkins,25,2014,71,58,67,70,78,65,1.2,1
WR,Neal Sterling,25,2015,71,40,73,60,73,73,0.4,1
WR,Eric Tomlinson,25,2015,87,45,73,62,65,44,0.3,1
OL,Ben Ijalana,28,2011,74,45,73,75,62,60,3.8,2
OL,James Carpenter,28,2011,73,63,78,85,60,64,3.5,2
OL,Dakota Dozier,26,2014,69,58,78,70,65,60,0.4,1
OL,Wesley Johnson,26,2014,78,62,85,70,60,58,1.7,1
OL,Jonotthan Harrison,26,2014,71,60,75,78,60,59,0.6,1
OL,Thomas Hennessy,23,2017,77,40,70,45,35,56,0.3,3
OL,Brian Winters,26,2013,81,71,78,71,60,60,4.5,4
OL,Kelvin Beachum,28,2012,88,68,75,71,61,63,5.9,3
OL,Brent Qvale,26,2014,79,52,78,61,63,60,0.3,1
OL,Brandon Shell,25,2016,85,57,85,68,60,60,0.4,3
DL,David Bass,27,2013,81,52,75,60,59,73,0.5,1
DL,Ed Stinson,27,2014,86,45,65,81,71,63,0.4,1
DL,Kony Ealy,26,2014,68,63,73,67,65,83,0.5,1
DL,Obum Gwacham,26,2015,69,40,67,60,60,76,0.4,2
DL,Leonard Williams,23,2015,67,71,68,78,81,80,4.8,2
DL,Muhammad Wilkerson,28,2011,87,68,88,93,95,83,12.6,4
DL,Steve McLendon,31,2009,81,62,71,75,83,74,2.7,2
DL,Mike Pennel,26,2014,68,52,70,78,70,66,0.6,1
DL,Xavier Cooper,26,2015,82,52,78,70,65,73,0.5,2
LB,Jordan Jenkins,23,2016,83,59,67,68,73,71,0.6,3
LB,Freddie Bishop,27,2013,78,40,83,62,68,66,0.3,1
LB,Bruce Carter,29,2011,86,59,62,70,67,80,0.5,1
LB,Demario Davis,28,2012,71,65,73,75,78,81,1.5,1
LB,Julian Stanford,27,2012,79,50,65,64,65,81,0.5,1
LB,Darron Lee,23,2016,72,60,83,65,63,81,2.5,3
LB,Josh Martin,26,2013,71,45,71,61,64,67,1.3,2
LB,Lorenzo Mauldin,25,2015,99,56,71,64,64,70,0.6,2
CB,Buster Skrine,28,2011,61,62,73,86,87,53,4.7,2
CB,Morris Claiborne,27,2012,61,60,68,86,85,40,4.4,1
CB,Robert Nelson,27,2014,78,45,75,78,85,47,0.3,1
CB,Darryl Roberts,27,2015,72,45,64,86,88,37,0.4,2
CB,Juston Burris,24,2016,83,45,85,78,81,55,0.5,3
CB,Rashard Robinson,22,2016,95,61,85,86,90,37,0.5,3
CB,Derrick Jones,23,2017,98,35,73,73,85,40,0.4,4
S,Rontez Miles,29,2013,67,52,83,78,73,70,0.3,1
S,Marcus Maye,24,2017,88,54,75,81,87,47,1.5,4
S,Terrence Brooks,25,2014,68,56,70,78,85,76,0.4,1
S,Jamal Adams,22,2017,87,60,85,80,87,83,5.7,4
K,Chandler Catanzaro,26,2014,92,40,68,95,68,40,0.6,1
K,Lachlan Edwards,25,2016,94,40,65,87,60,40,0.4,3
END_PLAYERS
######################################################################  TEXANS
Houston Texans,HOU
QB,Josh Johnson,31,2008,64,45,75,78,59,53,0.6,1
QB,Tom Savage,27,2014,80,50,78,90,60,40,0.4,1
QB,Deshaun Watson,22,2017,70,64,87,81,64,71,3.4,4
RB,Jordan Todman,27,2011,83,45,68,63,83,80,0.5,1
RB,Lamar Miller,26,2012,61,78,73,81,88,94,4.1,3
RB,Alfred Blue,26,2014,84,61,65,70,78,73,0.4,1
RB,D'onta Foreman,21,2017,80,63,78,73,85,83,0.6,4
RB,Jay Prosch,25,2014,83,60,88,59,67,55,0.4,1
WR,DeAndre Hopkins,25,2013,88,90,90,90,88,76,2.6,5
WR,Bruce Ellington,26,2014,86,61,83,71,87,80,0.4,1
WR,Will Fuller,23,2016,72,65,73,64,95,73,2.5,3
WR,Braxton Miller,25,2016,84,45,73,68,87,80,0.6,3
WR,Ryan Griffin,27,2013,87,59,75,68,60,63,1.9,3
WR,CJ Fiedorowicz,26,2014,81,65,87,73,67,55,0.8,1
WR,Stephen Anderson,24,2016,89,40,73,60,71,62,0.3,2
OL,Kendall Lamm,25,2015,84,56,81,62,70,59,0.3,1
OL,Julie'n Davenport,22,2017,69,45,75,73,63,62,0.6,4
OL,Xavier Su'a-Filo,26,2014,94,60,81,73,61,59,1.2,1
OL,Kyle Fuller,23,2017,78,40,81,67,61,60,0.4,4
OL,Jon Weeks,31,2010,82,60,73,56,35,45,0.6,3
OL,Greg Mancz,25,2015,75,54,81,78,60,62,0.3,1
OL,Nick Martin,24,2016,73,63,75,73,62,61,1,3
OL,Jeff Allen,27,2012,64,60,67,78,60,59,4.7,3
OL,Chris Clark,32,2008,53,62,65,75,63,60,2.2,1
OL,Derek Newton,30,2011,73,71,71,78,71,59,3,3
OL,Breno Giacomini,32,2008,75,59,78,71,78,57,2.2,1
DL,JJ Watt,28,2011,85,88,83,99,99,86,11.7,5
DL,Brandon Dunn,25,2014,88,59,73,63,65,65,0.5,2
DL,Christian Covington,24,2015,87,60,62,63,63,71,0.4,2
DL,Joel Heath,24,2016,83,58,73,68,67,71,0.3,2
DL,DJ Reader,23,2016,89,67,75,78,71,70,0.4,3
DL,Carlos Watkins,24,2017,82,40,78,75,70,76,0.5,4
LB,Jelani Jenkins,25,2013,76,60,78,64,63,80,0.5,1
LB,Jadeveon Clowney,24,2014,91,64,65,71,70,86,6.8,2
LB,Brennan Scarlett,24,2016,86,45,64,59,62,70,0.3,2
LB,Ufomba Kamalu,25,2016,86,40,78,65,68,62,0.3,1
LB,Brian Cushing,30,2009,74,73,87,68,71,76,6.4,3
LB,Benardrick McKinney,25,2015,87,67,81,78,65,81,1.2,2
LB,Brian Peters,29,2015,79,45,78,60,59,71,0.3,1
LB,Zach Cunningham,23,2017,86,60,85,71,68,80,0.9,4
LB,Dylan Cole,23,2017,94,40,78,67,71,74,0.3,3
LB,Lamarr Houston,30,2010,64,68,68,68,73,68,0.6,1
LB,Whitney Mercilus,27,2012,84,71,78,78,70,76,4.9,3
CB,Johnathan Joseph,33,2006,66,78,71,92,83,44,4.2,1
CB,Kareem Jackson,29,2010,70,64,70,80,83,53,6.7,2
CB,Marcus Williams,26,2014,74,54,81,76,78,37,1.7,1
CB,Kevin Johnson,25,2015,97,63,75,90,81,55,2.4,2
CB,Treston Decoud,24,2017,73,40,71,71,78,60,0.5,4
S,Marcus Gilchrist,29,2011,90,64,83,90,81,80,2.4,1
S,Andre Hal,25,2014,74,68,75,88,88,43,0.5,1
S,Eddie Pleasant,29,2012,69,60,87,76,78,70,0.7,1
S,Kurtis Drummond,25,2015,91,50,75,78,73,40,0.3,1
S,Corey Moore,24,2015,97,64,81,78,78,53,0.3,1
K,Ka'lmi Fairbairn,23,2016,78,35,65,81,78,35,0.3,2
K,Shane Lechler,41,2000,70,56,67,81,75,56,1.6,1
END_PLAYERS
######################################################################  COLTS
Indianapolis Colts,IND
QB,Scott Tolzien,30,2011,83,45,85,70,62,40,1.3,1
QB,Andrew Luck,28,2012,75,73,85,95,78,67,19.4,5
QB,Jacoby Brissett,24,2016,76,59,85,93,63,70,0.6,3
RB,Frank Gore,34,2005,73,93,85,73,68,78,2.5,1
RB,Robert Turbin,28,2012,68,59,78,73,85,80,0.8,2
RB,Matt Jones,24,2015,71,60,65,64,83,80,0.6,2
RB,Marlon Mack,21,2017,90,56,78,60,83,74,0.5,4
RB,Darrell Daniels,23,2017,92,40,75,59,75,71,0.3,3
WR,Kamar Aiken,28,2011,77,63,68,75,83,74,2.3,1
WR,TY Hilton,28,2012,68,95,81,88,93,78,9.2,4
WR,Donte Moncrief,24,2014,78,63,78,81,88,74,0.7,1
WR,Chester Rogers,23,2016,68,57,73,70,83,71,0.3,2
WR,Jack Doyle,27,2013,74,70,71,81,62,53,3.9,3
WR,Brandon Williams,30,2013,82,50,65,60,75,62,0.6,1
WR,Erik Swoope,25,2014,92,40,65,60,65,73,0.3,1
OL,Anthony Castonzo,29,2011,85,83,73,83,95,60,7.2,3
OL,Tyreek Burwell,25,2015,67,40,70,68,63,58,0.4,1
OL,Le'Raven Clark,24,2016,75,40,83,67,67,59,0.6,3
OL,Jeremy Vujnovich,27,2014,65,40,68,85,60,60,0.3,1
OL,Mike Person,29,2011,60,56,67,64,62,63,0.5,1
OL,Ryan Kelly,24,2016,83,71,83,75,63,64,2.5,3
OL,Luke Rhodes,25,2016,78,40,81,70,35,35,0.3,1
OL,Jack Mewhort,26,2014,84,67,81,83,60,64,0.7,1
OL,Joe Haeg,24,2016,83,60,87,70,62,60,0.4,3
OL,Kyle Kalis,24,2017,79,40,71,81,60,60,0.3,3
OL,Denzelle Good,26,2015,94,62,64,78,65,68,0.4,2
DL,Margus Hunt,30,2013,70,57,71,73,67,76,1.3,2
DL,Henry Anderson,26,2015,86,70,67,70,73,74,0.5,2
DL,Johnathan Hankins,25,2013,80,75,70,90,87,71,5.6,3
DL,Hassan Ridgeway,23,2016,99,40,63,78,75,78,0.5,3
DL,Al Woods,30,2010,64,60,68,90,85,68,1.3,2
DL,Grover Stewart,24,2017,79,40,83,85,73,67,0.5,4
LB,Barkevious Mingo,27,2013,78,59,78,70,63,81,1.6,1
LB,John Simon,27,2013,67,63,81,70,71,74,2.8,3
LB,Jon Bostic,26,2013,94,59,75,68,63,71,0.4,1
LB,Jeremiah George,25,2014,94,50,78,71,68,73,0.4,2
LB,Antonio Morrison,23,2016,89,52,70,68,68,70,0.5,3
LB,Anthony Walker Jr.,22,2017,66,40,90,70,68,66,0.5,4
LB,Jabaal Sheard,28,2011,88,78,85,81,71,76,5.3,3
LB,Joshua Perry,23,2016,75,40,85,73,70,67,0.6,3
LB,Tarell Basham,23,2017,88,45,83,63,64,68,0.7,4
CB,Rashaan Melvin,28,2013,78,71,70,92,85,40,0.5,1
CB,Pierre Desir,27,2014,90,45,75,80,81,40,0.5,1
CB,DJ White,24,2016,85,40,83,76,83,45,0.4,3
CB,Chris Milton,25,2016,81,40,83,73,88,59,0.3,1
CB,Quincy Wilson,21,2017,69,45,81,73,81,43,1.3,4
CB,Nate Hairston,23,2017,89,45,75,80,81,53,0.5,4
CB,Kenny Moore,22,2017,92,40,73,78,78,40,0.3,3
S,Darius Butler,31,2009,63,64,85,86,83,45,2.8,1
S,Malik Hooker,21,2017,94,60,73,86,81,67,3.1,4
S,Clayton Geathers,25,2015,80,65,78,81,78,78,0.5,2
S,TJ Green,22,2016,93,45,75,80,90,71,0.8,3
S,Matthias Farley,25,2016,85,60,81,80,83,68,0.3,2
K,Adam Vinatieri,45,1996,43,59,71,81,93,59,1.9,1
K,Rigoberto Sanchez,23,2017,73,40,81,88,70,40,0.3,3
END_PLAYERS
######################################################################  JAGUARS
Jacksonville Jaguars,JAX
QB,Chad Henne,32,2008,77,61,83,81,60,37,2.5,1
QB,Blake Bortles,25,2014,95,62,95,90,63,67,7,2
RB,Chris Ivory,29,2010,63,73,64,75,83,83,4.6,4
RB,TJ Yeldon,24,2015,74,63,70,78,81,86,1.3,2
RB,Corey Grant,26,2015,74,54,62,60,97,71,0.3,1
RB,Leonard Fournette,22,2017,66,68,73,90,87,92,7,4
RB,Tommy Bohanon,27,2013,63,57,73,58,61,57,0.4,1
WR,Arrelious Benn,29,2010,71,58,65,60,71,71,0.6,2
WR,Marqise Lee,26,2014,70,70,78,75,83,76,1.1,1
WR,Allen Robinson,24,2014,76,85,78,83,85,76,0.7,1
WR,Allen Hurns,26,2014,79,75,83,75,81,76,5.1,4
WR,Jaelen Strong,23,2015,73,40,70,75,87,68,0.6,2
WR,Dede Westbrook,24,2017,70,40,71,75,90,74,0.6,4
WR,Keelan Cole,24,2017,86,45,78,67,78,80,0.3,3
WR,Marcedes Lewis,33,2006,61,68,75,63,60,47,2.5,2
WR,Ben Koyack,24,2015,88,56,75,63,64,55,0.3,1
WR,James O'Shaughnessy,25,2015,72,40,67,64,70,70,0.4,2
OL,Josh Wells,26,2014,77,45,71,70,65,60,0.5,2
OL,Cam Robinson,22,2017,91,60,90,87,63,61,1.6,4
OL,Patrick Omameh,28,2013,68,64,78,68,60,68,0.6,1
OL,Matt Overton,32,2010,53,45,70,50,40,57,0.5,1
OL,Brandon Linder,25,2014,90,83,81,83,67,60,5.6,6
OL,Tyler Shatley,26,2014,71,45,71,95,63,60,0.7,2
OL,AJ Cann,26,2015,87,65,78,83,60,60,0.7,2
OL,Chris Reed,25,2015,72,45,68,73,62,61,0.3,1
OL,Josh Walker,26,2014,67,40,78,61,65,60,0.4,1
OL,Jermey Parnell,31,2009,77,67,68,71,60,61,4,3
OL,William Poehls,26,2014,92,45,75,65,63,60,0.3,1
DL,Dante Fowler Jr.,23,2015,66,61,64,60,64,88,6.1,2
DL,Yannick Ngakoue,22,2016,66,65,78,65,68,86,0.7,3
DL,Dawuane Smoot,22,2017,86,45,85,68,64,80,0.8,4
DL,Calais Campbell,31,2008,59,87,87,78,87,88,10.3,4
DL,Marcell Dareus,27,2011,86,68,83,93,93,81,10.1,5
DL,Malik Jackson,27,2012,82,64,78,70,78,76,10,5
DL,Abry Jones,26,2013,85,67,71,81,73,66,2.4,4
DL,Sheldon Day,23,2016,92,50,78,65,70,86,0.6,3
DL,Eli Ankou,23,2017,73,54,71,68,70,74,0.3,3
LB,Lerentee McCray,27,2013,65,52,65,60,60,71,1.3,1
LB,Myles Jack,22,2016,94,67,70,71,67,88,1.4,3
LB,Paul Posluszny,33,2007,68,81,88,75,70,78,3.6,1
LB,Donald Payne,23,2017,72,40,83,67,61,74,0.3,3
LB,Telvin Smith,26,2014,93,83,73,78,62,86,0.6,1
LB,Blair Brown,23,2017,70,40,85,75,75,71,0.5,4
CB,AJ Bouye,26,2013,71,78,68,92,83,47,9.7,5
CB,Aaron Colvin,26,2014,60,64,64,86,83,53,0.6,1
CB,Tyler Patmon,26,2014,76,45,70,78,81,40,0.4,1
CB,Jalen Ramsey,23,2016,68,73,78,94,90,68,6,3
CB,Jalen Myrick,22,2017,89,40,70,76,97,59,0.4,4
S,Tashaun Gipson,27,2012,72,70,85,83,71,60,5,4
S,Peyton Thompson,27,2012,77,45,70,76,81,40,0.4,1
S,Calvin Pryor,25,2014,99,60,87,80,78,67,1,1
S,Barry Church,29,2010,70,60,93,74,73,80,4.1,4
S,Jarrod Wilson,23,2016,89,40,81,71,78,53,0.3,2
K,Josh Lambo,27,2015,89,40,67,90,71,40,0.4,1
K,Brad Nortman,28,2012,85,45,71,85,68,45,1.4,3
END_PLAYERS
######################################################################  TITANS
Tennessee Titans,TEN
QB,Matt Cassel,35,2005,71,60,78,71,60,37,1.6,2
QB,Brandon Weeden,34,2012,51,45,85,85,60,37,0.5,1
QB,Marcus Mariota,24,2015,67,63,93,83,64,70,6.3,2
RB,Demarco Murray,29,2011,53,83,75,75,83,90,3.9,3
RB,Derrick Henry,23,2016,91,75,85,83,81,83,1.2,3
RB,David Fluellen,25,2014,68,40,75,63,68,78,0.4,2
RB,Jalston Fowler,27,2015,87,60,60,61,62,63,0.5,2
WR,Eric Decker,30,2010,71,73,85,87,75,74,4.1,1
WR,Harry Douglas,33,2008,73,60,75,70,81,73,2,1
WR,Eric Weems,32,2007,64,65,70,64,73,73,0.8,2
WR,Rishard Matthews,28,2012,90,83,83,83,83,74,3.7,2
WR,Darius Jennings,25,2015,85,40,73,61,85,66,0.4,2
WR,Tajae Sharpe,23,2016,90,62,78,75,78,70,0.5,3
WR,Corey Davis,22,2017,67,59,81,70,85,80,6.6,4
WR,Taywan Taylor,22,2017,70,45,88,68,88,74,0.7,4
WR,Delanie Walker,33,2006,74,93,73,87,73,74,3.3,2
WR,Phillip Supernaw,27,2012,60,57,73,62,67,68,1.1,2
WR,Jonnu Smith,22,2017,81,52,78,67,73,67,0.6,4
OL,Dennis Kelly,27,2012,84,52,81,75,64,60,0.9,3
OL,Taylor Lewan,26,2014,75,87,83,87,75,70,3.6,2
OL,Quinton Spain,26,2015,99,70,83,71,63,68,0.3,1
OL,Beau Brinkley,27,2012,76,35,71,56,40,45,0.8,3
OL,Brian Schwenke,26,2013,88,60,85,87,61,70,1,1
OL,Ben Jones,28,2012,75,78,88,81,64,60,2.8,3
OL,Josh Kline,28,2013,86,78,71,70,70,73,1.3,1
OL,Corey Levin,23,2017,90,40,75,73,64,60,0.4,4
OL,Jack Conklin,23,2016,82,75,88,78,64,60,4,3
DL,David King,28,2013,74,45,75,70,67,74,0.4,1
DL,DaQuan Jones,26,2014,90,78,70,81,83,74,0.7,1
DL,Jurrell Casey,28,2011,90,81,81,88,88,78,9.2,6
DL,Karl Klug,29,2011,71,64,71,67,67,73,1.6,2
DL,Sylvester Williams,29,2013,60,60,71,75,70,70,4.3,3
DL,Austin Johnson,23,2016,82,54,81,67,71,73,1.2,3
LB,Erik Walden,32,2008,79,61,78,65,64,70,1.9,1
LB,Derrick Morgan,28,2010,64,62,81,62,67,68,5.2,2
LB,Wesley Woodyard,31,2008,70,81,88,81,64,83,2.3,3
LB,Nate Palmer,28,2013,61,45,75,65,67,70,0.8,2
LB,Daren Bates,27,2013,70,40,83,64,59,68,1.4,3
LB,Avery Williamson,25,2014,91,62,81,78,71,73,0.6,1
LB,Jayon Brown,22,2017,77,45,78,68,65,71,0.5,4
LB,Brian Orakpo,31,2009,75,70,75,73,83,76,5.6,2
LB,Kevin Dodd,25,2016,74,58,73,70,70,71,1.5,3
CB,Logan Ryan,26,2013,67,70,88,86,81,73,6.7,3
CB,Brice McCain,31,2009,70,57,73,81,85,40,2,1
CB,Tye Smith,24,2015,95,45,78,76,78,37,0.4,2
CB,LeShaun Sims,24,2016,90,62,75,86,81,40,0.4,3
CB,Kalan Reed,24,2016,83,40,81,74,83,40,0.3,1
CB,Adoree' Jackson,22,2017,72,50,78,86,88,59,2.8,4
S,Johnathan Cyprien,27,2013,74,71,85,88,83,76,4.4,4
S,Curtis Riley,25,2015,83,45,78,78,83,47,0.3,1
S,Kevin Byard,24,2016,69,63,83,83,83,74,0.7,3
S,Da'Norris Searcy,29,2011,74,60,81,80,78,68,4.4,2
S,Brynden Trawick,28,2013,77,45,81,76,73,71,1.5,2
K,Ryan Succop,31,2009,62,57,73,85,90,57,1.8,1
K,Brett Kern,31,2008,75,45,57,85,70,45,2.2,3
END_PLAYERS
######################################################################  BRONCOS
Denver Broncos,DEN
QB,Brock Osweiler,27,2012,69,56,88,97,60,40,0.5,1
QB,Trevor Siemian,26,2015,66,70,73,81,67,45,0.4,2
QB,Paxton Lynch,23,2016,80,45,88,90,60,66,2.3,3
RB,Jamaal Charles,31,2008,42,71,68,71,85,83,1.6,1
RB,CJ Anderson,26,2013,76,81,75,90,83,94,2.8,3
RB,Devontae Booker,25,2016,87,62,85,65,78,83,0.5,3
RB,De'Angelo Henderson,25,2017,74,40,73,67,85,76,0.4,4
RB,Andy Janovich,24,2016,89,59,73,60,64,63,0.4,3
WR,Demaryius Thomas,30,2010,66,85,85,70,87,81,10.1,3
WR,Emmanuel Sanders,30,2010,60,93,75,99,88,73,8.6,3
WR,Cody Latimer,25,2014,94,35,73,63,85,70,0.7,1
WR,Jordan Taylor,25,2015,68,56,78,68,81,62,0.3,1
WR,Bennie Fowler,26,2014,81,60,64,67,87,71,0.4,1
WR,Isaiah McKenzie,22,2017,73,45,68,65,88,67,0.4,4
WR,Virgil Green,29,2011,70,60,67,63,75,73,2.1,1
WR,Jeff Heuerman,25,2015,69,52,73,64,64,59,0.5,2
WR,AJ Derby,26,2015,76,45,71,68,68,67,0.4,2
OL,Donald Stephenson,29,2012,60,60,75,71,61,56,3.5,2
OL,Garett Bolles,25,2017,81,60,83,85,81,62,2.7,4
OL,Allen Barbre,33,2007,60,61,73,71,63,60,1,1
OL,Max Garcia,26,2015,70,64,75,83,62,59,0.5,2
OL,Matthew Paradis,28,2014,86,81,73,85,67,75,0.4,1
OL,Casey Kreiter,27,2014,64,45,78,54,35,59,0.3,1
OL,Connor McGovern,24,2016,94,40,85,78,64,58,0.5,3
OL,Ronald Leary,28,2012,87,75,68,78,64,83,6.2,4
OL,Billy Turner,26,2014,87,60,73,73,58,62,0.5,1
OL,Menelik Watson,29,2013,85,61,70,71,60,58,4.6,3
OL,Cyrus Kouandjio,24,2014,99,60,62,75,63,63,0.4,1
OL,Elijah Wilkinson,22,2017,80,45,70,65,60,60,0.3,1
DL,Derek Wolfe,27,2012,87,70,83,83,85,78,6.9,3
DL,Billy Winn,28,2012,62,45,71,68,71,76,0.5,1
DL,Shelby Harris,26,2014,88,58,70,71,73,76,0.4,1
DL,Zach Kerr,27,2014,70,45,62,78,73,68,1.2,2
DL,Jared Crick,28,2012,78,64,67,67,70,71,1.6,1
DL,Domata Peko,33,2006,60,75,73,85,70,59,2.7,2
DL,Adam Gotsis,25,2016,82,62,71,68,70,70,0.8,3
LB,Kasim Edebali,28,2014,62,45,73,59,60,66,0.9,1
LB,Shaquil Barrett,25,2014,89,78,78,64,62,73,0.4,1
LB,Brandon Marshall,28,2012,61,70,81,83,73,80,5.6,4
LB,Todd Davis,25,2014,91,73,85,81,73,76,1.7,1
LB,Zaire Anderson,25,2015,89,40,73,67,64,66,0.3,1
LB,Shane Ray,24,2015,70,61,71,61,62,76,2.2,2
LB,Von Miller,28,2011,88,88,88,93,87,88,14.1,5
LB,Demarcus Walker,23,2017,89,45,87,62,64,63,1.1,4
CB,Aqib Talib,31,2008,52,90,81,96,81,47,6.6,3
CB,Chris Harris Jr.,28,2011,90,90,87,98,87,45,6.6,3
CB,Bradley Roby,25,2014,87,61,71,90,90,40,1.6,1
CB,Lorenzo Doss,23,2015,94,45,78,73,83,37,0.4,2
CB,Brendan Langley,23,2017,77,40,81,76,87,55,0.6,4
S,Darian Stewart,29,2010,74,68,83,83,73,63,4.8,4
S,William Parks,23,2016,92,58,78,74,73,71,0.4,3
S,Justin Simmons,24,2016,71,59,75,83,81,73,0.6,3
S,Jamal Carter,23,2017,86,35,83,70,73,68,0.3,3
K,Brandon McManus,26,2014,75,45,73,99,85,45,1.7,1
K,Riley Dixon,24,2016,76,40,75,81,64,40,0.4,3
END_PLAYERS
######################################################################  CHIEFS
Kansas City Chiefs,KC
QB,Alex Smith,33,2005,83,85,87,78,75,45,10.9,2
QB,Tyler Bray,26,2013,88,40,70,90,57,37,0.6,1
QB,Patrick Mahomes,22,2017,84,45,88,99,63,71,4.1,4
RB,Charcandric West,26,2014,66,60,68,68,87,80,1,2
RB,Akeem Hunt,24,2015,69,54,73,59,88,68,0.3,1
RB,Kareem Hunt,22,2017,96,75,75,87,85,86,0.6,4
RB,Anthony Sherman,29,2011,55,64,85,54,64,55,1.4,1
WR,De'Anthony Thomas,24,2014,91,57,61,63,88,80,0.5,1
WR,Albert Wilson,25,2014,67,64,73,71,87,71,1.1,1
WR,Chris Conley,25,2015,84,60,73,70,90,71,0.6,2
WR,Demarcus Robinson,23,2016,87,40,75,60,81,67,0.5,3
WR,Tyreek Hill,23,2016,67,78,70,81,99,74,0.4,3
WR,Jehu Chesson,24,2017,98,45,78,71,85,70,0.5,4
WR,Travis Kelce,28,2013,87,95,71,87,73,80,7.1,5
WR,Demetrius Harris,26,2013,78,60,70,63,78,71,1.1,2
WR,Ross Travis,24,2015,80,40,78,61,71,66,0.3,2
OL,Eric Fisher,26,2013,91,71,87,81,61,73,9.1,5
OL,Cameron Erving,25,2015,68,57,75,71,60,60,2.3,2
OL,Bryan Witzmann,27,2014,89,59,73,65,63,60,0.3,1
OL,Parker Ehinger,25,2016,74,50,70,65,65,60,0.6,3
OL,Jordan Devey,29,2014,77,45,78,68,67,56,0.4,1
OL,Mitch Morse,25,2015,72,78,73,88,68,60,1,2
OL,James Winchester,28,2013,68,35,60,52,35,35,0.6,5
OL,Zach Fulton,26,2014,89,63,75,73,67,60,0.5,1
OL,Laurent Duvernay-Tard,26,2014,68,65,83,88,60,70,5.7,6
OL,Mitchell Schwartz,28,2012,90,73,78,75,75,60,5,4
DL,Rakeem Nunez-Roches,24,2015,83,45,65,65,71,68,0.4,1
DL,Chris Jones,23,2016,79,75,75,81,81,81,1.4,3
DL,Allen Bailey,28,2011,87,60,83,85,75,76,5.2,2
DL,Jarvis Jenkins,29,2011,60,62,62,87,75,65,0.5,1
DL,Roy Miller,30,2009,58,60,73,78,78,68,0.9,1
DL,Bennie Logan,28,2013,62,63,71,83,85,71,5.6,1
LB,Frank Zombo,30,2010,77,60,78,63,60,67,0.9,2
LB,Justin Houston,28,2011,77,87,78,88,85,81,13.1,4
LB,Derrick Johnson,35,2005,68,90,78,83,70,80,5.7,2
LB,Kevin Pierre-Louis,26,2014,99,56,68,68,70,81,0.5,1
LB,Ramik Wilson,25,2015,70,67,81,73,68,81,0.4,1
LB,Reggie Ragland,24,2016,75,54,83,68,68,74,1.3,3
LB,Terrance Smith,24,2016,84,40,67,63,64,68,0.3,1
LB,Ukeme Eligwe,23,2017,71,40,71,70,67,68,0.4,4
LB,Tamba Hali,34,2006,62,75,83,67,78,71,5.4,2
LB,Dee Ford,26,2014,72,60,75,61,65,80,2.8,2
LB,Tanoh Kpassagnon,23,2017,96,45,73,62,67,65,0.9,4
CB,Terrance Mitchell,25,2014,78,60,83,83,83,40,0.4,1
CB,Phillip Gaines,26,2014,82,50,71,83,90,37,0.5,1
CB,Kenneth Acker,25,2014,98,45,68,80,83,37,0.4,1
CB,Marcus Peters,24,2015,97,85,78,94,85,46,2.3,2
CB,Steven Nelson,24,2015,73,60,87,83,85,55,0.5,2
S,Ron Parker,30,2011,54,68,70,88,85,63,3.8,3
S,Steven Terrell,27,2013,67,50,73,81,88,43,0.4,1
S,Eric Murray,23,2016,89,45,83,78,83,66,0.6,3
S,Eric Berry,29,2010,86,90,85,96,87,80,10.6,6
S,Daniel Sorensen,27,2014,74,62,85,78,71,66,3.1,4
K,Harrison Butker,22,2017,81,40,65,87,70,40,0.4,4
K,Dustin Colquitt,35,2005,69,57,83,83,78,57,2.8,1
END_PLAYERS
######################################################################  RAIDERS
Oakland Raiders,OAK
QB,EJ Manuel,27,2013,77,50,83,88,61,63,0.5,1
QB,Derek Carr,26,2014,81,71,87,95,68,55,14.6,6
QB,Connor Cook,24,2016,73,45,87,85,61,40,0.6,3
RB,Marshawn Lynch,31,2007,64,71,83,95,83,94,2.8,2
RB,DeAndre Washington,24,2016,83,54,85,65,87,83,0.5,3
RB,Jalen Richard,24,2016,76,63,78,78,85,83,0.3,2
RB,Jamize Olawale,28,2012,51,61,75,61,78,70,1.2,2
WR,Michael Crabtree,30,2009,58,95,87,81,78,80,5.5,3
WR,Cordarrelle Patterson,26,2013,89,60,83,71,88,92,2.7,2
WR,Amari Cooper,23,2015,81,73,73,70,88,90,5.8,2
WR,Seth Roberts,26,2014,70,67,75,70,87,70,0.2,3
WR,Johnny Holton,26,2016,84,35,78,61,88,73,0.3,2
WR,Lee Smith,30,2011,61,60,71,56,59,53,1.4,1
WR,Jared Cook,30,2009,72,70,71,71,75,68,3.3,2
WR,Clive Walford,26,2015,72,60,75,70,64,65,0.6,2
OL,Donald Penn,34,2006,58,97,75,88,85,71,3.7,1
OL,David Sharpe,22,2017,68,45,75,78,67,61,0.6,4
OL,Jylan Ware,24,2017,90,40,78,73,63,60,0.4,4
OL,Kelechi Osemele,28,2012,66,95,73,90,83,64,7.4,4
OL,Jon Feliciano,25,2015,95,45,78,67,65,62,0.5,2
OL,Rodney Hudson,28,2011,73,88,85,81,85,78,5.6,3
OL,Jon Condo,36,2005,55,68,71,58,40,45,0.7,1
OL,Gabe Jackson,26,2014,89,75,75,88,60,60,5.9,6
OL,Marshall Newhouse,29,2010,71,60,73,75,68,61,1.1,2
OL,Vadal Alexander,23,2016,99,45,78,75,61,63,0.4,3
DL,Khalil Mack,26,2014,81,93,95,78,87,96,5.9,2
DL,James Cowser,27,2016,72,40,71,67,65,76,0.3,1
DL,Denico Autry,27,2014,60,60,70,60,64,73,1.1,1
DL,Mario Edwards Jr.,23,2015,83,63,63,81,78,74,1.4,2
DL,Justin Ellis,27,2014,72,61,70,71,78,73,0.7,1
DL,Darius Latham,23,2016,66,40,71,68,68,68,0.3,2
DL,Treyvon Hester,25,2017,95,52,73,73,67,66,0.4,4
DL,Eddie Vanderdoes,23,2017,87,52,73,83,73,76,0.6,4
LB,Bruce Irvin,30,2012,68,62,87,71,64,80,6.6,3
LB,Jihad Ward,23,2016,88,45,83,68,68,65,1.2,3
LB,Xavier Woodson-Luste,22,2017,87,45,73,62,61,70,0.3,3
LB,Navorro Bowman,29,2010,83,73,73,83,75,78,1.7,1
LB,Marquel Lee,22,2017,82,60,85,70,67,70,0.5,4
LB,Shilique Calhoun,25,2016,79,45,83,64,67,70,0.6,3
LB,Cory James,24,2016,83,59,81,68,63,76,0.4,3
LB,Nicholas Morrow,22,2017,82,56,71,62,63,80,0.3,3
CB,Sean Smith,30,2009,73,63,81,92,78,55,7.1,3
CB,David Amerson,26,2013,90,71,75,90,85,60,4.2,4
CB,Travis Carrie,27,2014,76,62,71,92,87,59,0.5,1
CB,Dexter McDonald,26,2015,86,40,70,76,87,37,0.4,2
CB,Gareon Conley,22,2017,85,60,81,83,87,47,2.5,4
S,Reggie Nelson,34,2007,52,67,90,86,78,70,2.7,1
S,Keith McGill,28,2014,76,40,65,76,83,67,0.5,1
S,Obi Melifonwu,23,2017,94,45,83,83,88,73,0.9,4
S,Karl Joseph,24,2016,88,71,73,88,78,76,2.9,3
S,Erik Harris,27,2015,60,40,78,70,73,60,0.3,1
S,Shalom Luani,23,2017,99,40,81,73,78,55,0.4,4
K,Sebastian Janikowski,39,2000,44,45,68,99,78,45,3.6,1
K,Giorgio Tavecchio,27,2012,86,40,67,87,71,40,0.4,1
K,Marquette King,29,2012,83,57,71,100,88,57,2.1,4
END_PLAYERS
######################################################################  CHARGERS
Los Angeles Chargers,LAC
QB,Philip Rivers,36,2004,57,85,99,83,71,37,15.8,3
QB,Kellen Clemens,34,2006,48,59,71,71,61,37,0.7,1
QB,Cardale Jones,25,2016,72,45,85,97,54,65,0.5,3
RB,Andre Williams,25,2014,61,59,71,73,78,74,0.4,1
RB,Branden Oliver,26,2014,66,59,75,75,81,86,0.5,1
RB,Melvin Gordon,24,2015,92,78,81,81,88,92,2.6,2
RB,Austin Ekeler,22,2017,77,40,73,61,88,80,0.3,3
RB,Derek Watt,25,2016,82,40,85,60,67,63,0.4,3
WR,Keenan Allen,25,2013,75,90,65,88,78,81,6.8,4
WR,Travis Benjamin,28,2012,67,73,65,75,88,76,4.5,3
WR,Geremy Davis,25,2015,83,35,67,71,83,74,0.4,1
WR,Tyrell Williams,25,2015,70,73,71,75,87,78,0.3,1
WR,Mike Williams,23,2017,66,60,81,78,83,80,5,4
WR,Antonio Gates,37,2003,52,95,68,83,62,71,3.8,1
WR,Jeff Cumberland,30,2010,56,68,70,60,75,47,0.5,1
WR,Sean McGrath,30,2012,63,60,75,60,62,55,0.4,1
WR,Hunter Henry,23,2016,99,62,87,75,71,66,1.4,3
WR,Sean Culkin,24,2017,77,40,83,60,68,62,0.3,3
OL,Russell Okung,29,2010,87,67,71,81,60,78,9.8,4
OL,Sam Tevi,23,2017,73,40,78,64,64,60,0.4,4
OL,Matt Slauson,31,2009,68,87,78,83,61,60,1.4,1
OL,Mike Windt,31,2010,70,59,70,60,40,45,0.8,4
OL,Spencer Pulley,24,2016,83,60,75,70,64,60,0.3,2
OL,Dan Feeney,23,2017,81,45,71,87,63,60,0.7,4
OL,Kenny Wiggins,29,2011,81,60,75,71,60,60,0.6,1
OL,Michael Schofield,27,2014,61,61,71,70,61,59,0.7,1
OL,Michael Ola,29,2014,82,45,71,71,63,62,0.4,1
OL,Joe Barksdale,29,2011,77,62,73,81,60,60,4.1,3
DL,Darius Philon,23,2015,80,54,71,64,65,78,0.4,2
DL,Joey Bosa,22,2016,92,68,78,78,68,81,6.7,3
DL,Melvin Ingram,28,2012,76,73,78,70,71,88,11.6,4
DL,Jeremiah Attaochu,24,2014,70,60,71,60,62,83,0.9,1
DL,Chris McCain,26,2014,76,54,75,45,52,78,0.4,1
DL,Tenny Palepoi,27,2014,87,54,68,83,81,73,0.4,1
DL,Corey Liuget,27,2011,73,70,83,87,87,80,7.3,4
DL,Brandon Mebane,32,2007,51,78,75,87,85,71,3.4,2
DL,Damion Square,28,2013,64,57,68,65,67,73,1.6,2
LB,Kyle Emanuel,26,2015,66,57,75,59,64,70,0.4,2
LB,James Onwualu,23,2017,86,40,78,63,64,71,0.3,3
LB,Korey Toomer,29,2012,71,65,61,63,62,90,1.1,1
LB,Denzel Perryman,24,2015,66,64,85,71,75,76,1,2
LB,Hayes Pullard,25,2015,86,52,78,62,60,73,0.4,2
LB,Nick Dzubnar,26,2015,83,50,83,73,67,65,0.3,1
LB,Jatavis Brown,23,2016,69,61,81,75,78,81,0.4,3
CB,Casey Hayward,28,2012,68,83,70,90,83,43,3.7,2
CB,Jason Verrett,26,2014,88,70,81,96,90,43,2.7,2
CB,Trevor Williams,24,2016,90,63,73,88,87,44,0.3,1
CB,Michael Davis,22,2017,73,40,83,71,88,53,0.3,1
CB,Desmond King,23,2017,89,59,88,81,75,53,0.5,4
S,Tre Boston,25,2014,84,62,78,83,78,73,0.6,1
S,Rayshawn Jenkins,23,2017,88,45,71,76,83,71,0.6,4
S,Jahleel Addae,27,2013,75,70,83,83,70,71,3.8,4
S,Adrian Phillips,25,2014,97,54,78,78,78,63,0.4,1
K,Nick Novak,36,2005,40,45,64,85,81,45,0.6,1
K,Drew Kaser,24,2016,82,40,60,95,60,40,0.4,3
END_PLAYERS
######################################################################  BEARS
Chicago Bears,CHI
QB,Mark Sanchez,31,2009,83,57,81,78,60,40,1.7,1
QB,Mike Glennon,28,2013,69,62,85,90,62,37,10,3
QB,Mitchell Trubisky,23,2017,81,54,90,90,64,67,7.5,4
RB,Benny Cunningham,27,2013,66,60,78,67,78,73,0.6,1
RB,Jordan Howard,23,2016,83,78,73,85,85,92,0.4,3
RB,Tarik Cohen,22,2017,84,62,73,67,88,90,0.6,4
RB,Taquan Mizzell,24,2017,71,40,73,59,78,74,0.3,3
RB,Mike Burton,25,2015,80,62,71,45,67,47,0.4,2
WR,Josh Bellamy,28,2012,70,62,78,64,83,67,0.5,1
WR,Markus Wheaton,26,2013,86,60,83,70,85,74,3.9,2
WR,Kendall Wright,28,2012,66,63,87,75,85,83,1.4,1
WR,Dontrelle Inman,28,2014,63,63,75,81,81,78,1.7,1
WR,Tre McBride,25,2015,73,35,75,75,87,80,0.3,1
WR,Cameron Meredith,25,2015,78,75,78,83,83,78,0.3,1
WR,Zach Miller,33,2009,55,64,65,83,73,70,2,1
WR,Dion Sims,26,2013,68,62,65,68,65,63,4,3
WR,Daniel Brown,25,2015,72,40,75,63,75,66,0.4,1
WR,Adam Shaheen,24,2017,73,45,75,68,67,71,1.3,4
OL,Bradley Sowell,28,2012,61,59,70,70,64,60,0.5,1
OL,Charles Leno Jr.,26,2014,87,67,73,67,75,60,0.4,5
OL,Josh Sitton,31,2008,64,88,71,87,63,70,4.8,2
OL,Andrew Depaola,30,2012,76,45,70,61,60,58,0.4,1
OL,Hroniss Grasu,26,2015,75,60,75,63,61,60,0.6,2
OL,Cody Whitehair,25,2016,90,81,83,78,63,57,0.9,3
OL,Kyle Long,29,2013,66,73,87,71,75,65,6.3,5
OL,Tom Compton,28,2012,65,58,85,85,61,60,1.7,1
OL,Bobby Massie,28,2012,67,63,81,70,60,60,4.1,2
DL,Akiem Hicks,28,2012,87,78,75,78,81,76,3.4,1
DL,Mitch Unrein,30,2010,64,71,71,71,71,71,0.8,1
DL,Jonathan Bullard,24,2016,77,40,78,65,70,81,0.7,3
DL,John Jenkins,28,2013,63,50,68,88,78,68,0.6,1
DL,Eddie Goldman,23,2015,93,63,71,81,83,67,1.3,2
LB,Pernell McPhee,29,2011,67,70,78,70,83,70,5.2,3
LB,Willie Young,32,2010,74,67,73,61,64,71,2.9,2
LB,Roy Robertson-Har,24,2016,96,45,73,65,68,65,0.3,2
LB,Danny Trevathan,27,2012,83,75,78,88,67,78,4.6,3
LB,Jerrell Freeman,31,2012,70,83,81,93,73,78,2.8,2
LB,Christian Jones,26,2014,99,60,83,65,62,76,1.3,1
LB,Nick Kwiatkoski,24,2016,85,60,78,73,70,78,0.5,3
LB,Sam Acho,29,2011,61,60,75,70,64,68,0.6,1
LB,Leonard Floyd,25,2016,88,60,75,70,67,83,4,3
CB,Prince Amukamara,28,2011,66,67,78,92,85,70,6.6,1
CB,Sherrick McManis,30,2010,50,45,65,78,78,44,0.9,1
CB,Marcus Cooper,27,2013,68,61,78,83,85,46,3.6,3
CB,Kyle Fuller,25,2014,97,61,85,90,88,60,2.4,1
CB,Bryce Callahan,26,2015,68,65,75,94,93,40,0.4,1
CB,Deiondre Hall,23,2016,83,40,75,76,81,40,0.5,3
S,Adrian Amos,24,2015,93,62,73,83,90,46,0.4,2
CB,Cre'von LeBlanc,23,2016,94,54,73,78,78,57,0.3,2
S,DeAndre Houston-Carso,24,2016,83,40,83,73,81,76,0.4,3
S,Eddie Jackson,25,2017,67,58,63,80,81,60,0.6,4
S,Quintin Demps,32,2008,64,62,78,80,81,68,3,3
S,Deon Bush,24,2016,79,45,78,76,78,60,0.5,3
K,Connor Barth,31,2008,81,45,63,81,71,45,0.7,1
K,Pat O'Donnell,26,2014,68,50,67,87,73,50,0.4,1
END_PLAYERS
######################################################################  LIONS
Detroit Lions,DET
QB,Matthew Stafford,29,2009,85,75,93,100,68,46,16.8,1
QB,Jake Rudock,24,2016,96,40,81,81,60,40,0.3,1
RB,Theo Riddick,26,2013,62,73,81,64,78,83,2.4,3
RB,Ameer Abdullah,24,2015,76,64,73,73,83,88,0.8,2
RB,Zach Zenner,26,2015,80,61,71,71,78,73,0.3,1
RB,Dwayne Washington,23,2016,90,45,65,62,85,71,0.4,3
RB,Tion Green,24,2017,71,40,70,67,67,76,0.3,3
RB,Darren Fells,31,2014,60,61,71,58,60,63,0.7,1
WR,Golden Tate,29,2010,60,83,87,81,83,94,5.3,2
WR,Marvin Jones,27,2012,68,78,83,70,85,74,5,4
WR,TJ Jones,25,2014,74,50,83,68,85,73,0.4,1
WR,Jared Abbrederis,27,2014,89,54,81,64,83,62,0.4,1
WR,Jace Billingsley,24,2016,72,40,78,62,85,78,0.3,2
WR,Kenny Golladay,24,2017,81,50,81,75,85,76,0.6,4
WR,Eric Ebron,24,2014,91,68,81,70,78,78,3,1
WR,Michael Roberts,23,2017,67,45,81,67,62,60,0.6,4
OL,Brian Mihalik,25,2015,84,40,70,68,61,58,0.3,2
OL,Taylor Decker,23,2016,72,75,85,85,73,71,2.7,3
OL,Graham Glasgow,25,2016,66,60,83,71,61,60,0.6,3
OL,Don Muhlbach,36,2004,63,68,71,62,45,40,0.7,1
OL,Travis Swanson,26,2014,70,75,85,78,60,60,0.7,1
OL,Don Barclay,28,2012,74,60,78,68,60,56,0.7,1
OL,TJ Lang,30,2009,90,88,81,83,81,75,7.6,3
OL,Ricky Wagner,28,2013,64,78,73,78,73,65,7.8,5
OL,Corey Robinson,25,2015,83,45,65,83,65,62,0.4,2
OL,Emmett Cleary,27,2013,86,40,78,67,64,60,0.4,1
DL,Cornelius Washington,28,2013,82,54,61,81,70,76,2.3,2
DL,Anthony Zettel,25,2016,88,64,85,70,73,83,0.4,3
DL,Ziggy Ansah,28,2013,89,64,81,71,71,86,5.8,1
DL,Jacquies Smith,27,2012,80,60,63,59,59,73,1.1,1
DL,Jeremiah Valoaga,23,2017,74,45,73,54,59,73,0.3,3
DL,Haloti Ngata,33,2006,67,71,87,93,85,71,5,1
DL,Akeem Spence,26,2013,66,52,75,87,70,68,2.3,3
DL,Khyri Thornton,28,2014,76,40,68,75,68,68,1.1,2
DL,A'Shawn Robinson,22,2016,88,58,83,75,81,73,1.1,3
DL,Jeremiah Ledbetter,23,2017,73,45,73,70,68,74,0.4,4
LB,Paul Worrilow,27,2013,61,59,83,67,64,71,2.3,1
LB,Jalen Reeves-Maybin,22,2017,99,45,71,62,60,73,0.6,4
LB,Nick Bellore,28,2011,79,61,70,78,71,65,0.5,1
LB,Jarrad Davis,22,2017,91,61,68,83,81,81,2.7,4
LB,Tahir Whitehead,27,2012,71,78,81,87,70,83,2.6,1
LB,Steve Longa,23,2016,83,35,83,73,70,65,0.3,2
CB,DJ Hayden,27,2013,82,58,68,86,87,62,3,1
CB,Darius Slay,26,2013,87,75,75,96,93,53,9.3,4
CB,Nevin Lawson,26,2014,63,63,83,86,85,62,0.6,1
CB,Quandre Diggs,24,2015,71,65,83,81,78,43,0.4,2
CB,Teez Tabor,22,2017,87,45,81,74,78,53,1,4
CB,Jamal Agnew,22,2017,77,40,73,76,90,59,0.5,4
S,Don Carey,30,2009,66,45,75,76,75,55,0.5,1
S,Glover Quin,31,2009,58,85,83,90,75,70,4.8,3
S,Charles Washington,24,2016,78,40,71,80,85,57,0.3,2
S,Tavon Wilson,27,2012,86,70,88,83,78,70,1.2,1
S,Miles Killebrew,24,2016,70,61,81,83,78,83,0.5,3
K,Matt Prater,33,2006,83,56,60,95,95,56,2,1
K,Sam Martin,27,2013,69,50,71,97,75,50,2.1,4
END_PLAYERS
######################################################################  PACKERS
Green Bay Packers,GB
QB,Aaron Rodgers,34,2005,42,99,97,99,88,55,18.1,3
QB,Brett Hundley,24,2015,86,40,81,87,60,67,0.4,2
QB,Joe Callahan,24,2016,77,40,83,73,60,43,0.3,1
RB,Ty Montgomery,24,2015,86,67,70,68,85,86,0.6,2
RB,Jamaal Williams,22,2017,89,45,75,73,81,80,0.6,4
RB,Devante Mays,23,2017,89,40,75,68,81,74,0.4,4
RB,Aaron Jones,23,2017,97,45,68,70,83,83,0.4,4
RB,Aaron Ripkowski,25,2015,90,71,68,52,68,45,0.4,2
WR,Randall Cobb,27,2011,63,78,83,97,87,76,8.3,2
WR,Jordy Nelson,32,2008,54,100,83,99,83,70,7.9,2
WR,Davante Adams,25,2014,78,88,78,85,83,76,0.8,1
WR,Jeff Janis,26,2014,83,50,75,64,88,66,0.4,1
WR,Geronimo Allison,23,2016,75,58,71,68,78,70,0.3,1
WR,Trevor Davis,24,2016,74,54,73,63,88,63,0.4,3
WR,Lance Kendricks,29,2011,90,64,83,63,68,66,1.6,2
WR,Richard Rodgers,25,2014,73,61,68,70,63,67,0.7,1
OL,David Bakhtiari,26,2013,80,100,70,85,70,93,7.9,4
OL,Jason Spriggs,23,2016,87,50,88,70,63,61,1.1,3
OL,Lane Taylor,28,2013,80,70,73,78,65,60,1.6,1
OL,Corey Linsley,26,2014,66,81,73,87,65,60,0.6,1
OL,Derek Hart,25,2017,85,40,75,54,35,52,0.3,1
OL,Lucas Patrick,24,2016,89,45,71,67,64,59,0.3,1
OL,Jahri Evans,34,2006,70,71,78,78,67,62,1.5,1
OL,Justin McCray,25,2014,96,50,65,83,63,59,0.3,1
OL,Bryan Bulaga,28,2010,70,93,75,81,61,78,5.2,3
OL,Ulrick John,25,2014,66,58,71,62,62,58,0.4,1
DL,Dean Lowry,23,2016,75,45,83,75,78,78,0.5,3
DL,Mike Daniels,28,2012,71,88,78,93,90,81,8.3,3
DL,Montravius Adams,23,2017,74,45,88,75,70,76,0.4,4
DL,Quinton Dial,27,2013,64,62,63,78,75,68,2.8,3
DL,Kenny Clark,22,2016,80,63,83,78,75,70,2.2,3
LB,Ahmad Brooks,33,2006,48,61,81,56,63,68,3.3,1
LB,Clay Matthews,31,2009,70,73,87,70,73,80,10.8,2
LB,Vince Biegel,24,2017,90,45,70,64,65,70,0.6,4
LB,Chris Odom,23,2017,73,35,73,62,64,60,0.3,3
LB,Jake Ryan,25,2015,91,63,71,73,68,74,0.5,2
LB,Joe Thomas,26,2014,88,62,78,65,64,76,0.4,1
LB,Blake Martinez,23,2016,73,70,88,73,73,74,0.5,3
LB,Nick Perry,27,2012,80,70,81,68,71,81,9.7,5
LB,Kyler Fackrell,26,2016,72,45,71,70,67,71,0.6,3
CB,Davon House,28,2011,64,60,75,80,83,40,2.3,1
CB,Demetri Goodson,28,2014,77,40,63,80,87,37,0.4,1
CB,Quinten Rollins,25,2015,86,58,85,81,78,63,0.7,2
CB,Damarious Randall,25,2015,98,59,78,86,85,46,1.9,2
CB,Josh Hawkins,24,2016,87,40,71,81,90,37,0.3,2
CB,Kevin King,22,2017,89,56,75,86,87,55,1.6,4
CB,Lenzy Pipkins,24,2017,83,40,63,73,85,45,0.3,3
CB,Donatello Brown,26,2017,84,35,81,73,83,37,0.3,1
S,Ha Ha Clinton-Dix,25,2014,69,71,85,86,78,81,2.4,2
S,Jermaine Whitehead,24,2015,86,40,75,73,83,40,0.3,1
S,Morgan Burnett,28,2010,89,71,75,88,75,78,5.2,1
S,Marwin Evans,24,2016,77,40,78,78,85,55,0.3,2
S,Josh Jones,23,2017,81,58,81,83,88,76,0.8,4
K,Mason Crosby,33,2007,82,40,78,93,71,40,3.3,3
K,Justin Vogel,24,2017,80,40,63,90,67,40,0.3,3
END_PLAYERS
######################################################################  VIKINGS
Minnesota Vikings,MIN
QB,Sam Bradford,30,2010,83,75,73,85,71,37,11.3,1
QB,Case Keenum,29,2012,76,67,75,78,64,37,1.4,1
QB,Teddy Bridgewater,25,2014,84,62,78,85,73,62,1.6,1
QB,Kyle Sloter,23,2017,74,45,85,83,61,62,0.3,1
RB,Latavius Murray,27,2013,82,71,68,75,88,90,3.5,3
RB,Jerick McKinnon,25,2014,87,62,78,78,90,90,0.5,1
RB,Mack Brown,26,2015,66,40,81,65,78,76,0.3,1
RB,Dalvin Cook,22,2017,71,62,75,81,85,92,1.4,4
RB,Blake Bell,26,2015,75,40,64,64,64,71,0.5,2
RB,CJ Ham,24,2016,83,50,73,63,70,78,0.3,2
WR,Michael Floyd,28,2012,82,52,75,71,83,76,0.9,1
WR,Jarius Wright,28,2012,84,60,88,65,87,71,2.8,3
WR,Adam Thielen,27,2013,75,83,75,87,83,71,3.6,4
WR,Stefon Diggs,24,2015,87,85,65,87,87,74,0.4,2
WR,Laquon Treadwell,22,2016,84,60,81,71,78,71,2.4,3
WR,Stacy Coley,23,2017,95,40,67,70,87,67,0.4,4
WR,Kyle Rudolph,28,2011,84,85,83,88,62,67,5.4,3
WR,David Morgan,24,2016,71,50,65,64,59,62,0.4,3
OL,Riley Reiff,29,2012,78,64,93,73,67,63,8.7,5
OL,Rashod Hill,25,2016,77,40,75,63,61,60,0.3,2
OL,Jeremiah Sirles,26,2014,94,50,85,63,64,60,0.4,1
OL,Nick Easton,25,2015,98,56,78,68,60,60,0.3,1
OL,Kevin McDermott,27,2013,65,45,73,45,40,45,0.6,4
OL,Pat Elflein,23,2017,99,60,87,81,61,59,0.7,4
OL,Joe Berger,35,2005,51,71,75,83,64,62,1.4,1
OL,Danny Isidora,23,2017,89,45,71,73,64,60,0.4,4
OL,Mike Remmers,28,2012,66,64,71,73,61,63,4.1,5
OL,Aviante Collins,24,2017,82,35,71,75,61,59,0.3,3
DL,Brian Robison,34,2007,62,70,85,64,63,73,2.3,2
DL,Danielle Hunter,23,2015,67,62,71,64,65,88,0.6,2
DL,Everson Griffen,30,2010,63,75,67,73,75,86,8.2,6
DL,Stephen Weatherly,23,2016,79,35,75,63,64,78,0.3,2
DL,Tashawn Bower,22,2017,80,35,71,62,63,74,0.4,3
DL,Linval Joseph,29,2010,68,78,71,99,95,74,7.4,6
DL,Tom Johnson,33,2011,58,63,65,65,64,63,1.5,1
DL,Shamar Stephen,26,2014,75,60,78,73,71,67,0.6,1
DL,Jaleel Johnson,23,2017,71,45,83,68,70,74,0.6,4
LB,Anthony Barr,25,2014,70,70,71,73,70,86,4.3,2
LB,Eric Wilson,23,2017,73,35,78,67,64,73,0.3,3
LB,Eric Kendricks,25,2015,95,71,70,70,65,83,1.1,2
LB,Kentrell Brothers,24,2016,86,40,85,81,70,65,0.4,3
LB,Emmanuel Lamur,28,2012,82,52,70,60,60,71,1.7,1
LB,Ben Gedeon,23,2017,85,52,90,63,64,71,0.6,4
CB,Terence Newman,39,2003,64,78,75,88,78,53,2.3,1
CB,Tramaine Brock,29,2010,85,63,78,86,81,44,0.6,1
CB,Xavier Rhodes,27,2013,64,81,81,96,87,43,9.6,6
CB,Marcus Sherels,30,2010,83,52,67,86,85,37,1.3,1
CB,Trae Waynes,25,2015,69,61,81,86,93,40,3.2,2
CB,Mackensie Alexander,24,2016,75,57,73,83,85,37,0.9,3
S,Harrison Smith,28,2012,86,88,83,90,78,80,6.9,4
S,Anthony Harris,26,2015,78,57,70,80,78,43,0.3,1
S,Andrew Sendejo,30,2010,68,62,71,74,70,74,2.5,3
S,Jayron Kearse,23,2016,98,40,83,70,73,63,0.4,3
K,Kai Forbath,30,2011,50,45,70,73,78,45,0.3,1
K,Ryan Quigley,27,2013,69,40,73,90,67,40,0.5,2
END_PLAYERS
######################################################################  COWBOYS
Dallas Cowboys,DAL
QB,Dak Prescott,24,2016,67,75,90,90,67,74,0.5,3
QB,Cooper Rush,24,2017,85,45,87,81,60,40,0.3,3
RB,Darren McFadden,30,2008,66,59,62,65,83,71,0.7,1
RB,Alfred Morris,29,2012,59,65,90,81,78,78,1.4,1
RB,Rod Smith,25,2015,71,50,78,65,75,74,0.4,2
RB,Ezekiel Elliott,22,2016,99,81,88,81,87,94,6.5,3
RB,Keith Smith,25,2014,82,61,70,52,62,62,0.4,1
WR,Dez Bryant,29,2010,65,85,83,88,83,92,11.3,3
WR,Terrance Williams,28,2013,79,65,81,71,85,73,3.4,4
WR,Cole Beasley,28,2012,84,75,87,78,81,74,2.8,2
WR,Brice Butler,27,2013,67,64,68,67,88,66,0.9,1
WR,Noah Brown,20,2017,74,40,71,73,78,63,0.4,4
WR,Ryan Switzer,23,2017,75,45,85,70,83,73,0.6,4
WR,Jason Witten,35,2003,68,99,93,90,62,63,4.8,5
WR,James Hanna,28,2012,69,63,64,60,78,66,2.2,2
WR,Geoff Swaim,24,2015,99,52,64,60,68,60,0.4,2
WR,Blake Jarwin,23,2017,70,35,73,63,67,59,0.4,3
OL,Tyron Smith,27,2011,87,99,78,83,64,73,9.7,7
OL,Jonathan Cooper,27,2013,69,56,64,81,63,60,1.6,1
OL,Chaz Green,25,2015,87,60,67,61,60,61,0.6,2
OL,LP Ladouceur,36,2005,69,73,73,59,40,59,0.8,1
OL,Travis Frederick,26,2013,89,95,97,88,83,67,6.2,7
OL,Joe Looney,27,2012,61,50,75,68,64,59,0.6,1
OL,Zack Martin,27,2014,61,97,93,90,90,90,2.2,1
OL,Byron Bell,28,2011,65,60,71,87,61,60,1.4,1
OL,La'el Collins,24,2015,75,60,81,81,63,60,4.1,3
DL,Benson Mayowa,26,2013,65,60,67,57,60,80,2.4,2
DL,DeMarcus Lawrence,25,2014,72,71,75,64,65,83,1.2,1
DL,Tyrone Crawford,28,2012,69,67,68,67,71,78,6.9,4
DL,Charles Tapper,24,2016,99,40,85,65,70,80,0.6,3
DL,Taco Charlton,23,2017,86,45,85,64,70,90,2.4,4
DL,Lewis Neal,22,2017,77,35,78,65,64,68,0.3,1
DL,Stephen Paea,29,2011,79,61,73,97,87,63,1.6,1
DL,David Irving,24,2015,66,63,71,60,61,81,0.4,1
DL,Richard Ash,25,2015,95,35,73,81,73,63,0.3,2
DL,Maliek Collins,22,2016,78,61,78,71,73,80,0.7,3
LB,Kyle Wilber,28,2012,61,59,70,65,63,73,1.2,1
LB,Damien Wilson,24,2015,85,60,75,68,65,74,0.5,2
LB,Justin March-Lillard,24,2015,74,56,68,68,65,73,0.3,1
LB,Justin Durant,32,2007,59,61,81,70,60,78,0.6,1
LB,Anthony Hitchens,25,2014,85,65,88,67,67,80,0.7,1
LB,Jaylon Smith,22,2016,77,56,68,71,65,76,1.5,3
LB,Sean Lee,31,2010,71,99,73,95,78,81,5.8,3
CB,Orlando Scandrick,30,2008,68,67,70,92,85,53,2.8,3
CB,Bene Benwikere,26,2014,63,45,78,83,81,40,0.4,1
CB,Anthony Brown,24,2016,77,62,85,88,95,40,0.4,3
CB,Jourdan Lewis,22,2017,77,60,87,83,83,59,0.6,4
CB,Chidobe Awuzie,22,2017,78,54,81,80,87,62,0.9,4
S,Byron Jones,25,2015,85,62,83,96,87,59,2.1,2
S,Xavier Woods,22,2017,74,54,83,78,83,70,0.4,4
S,Jeff Heath,26,2013,65,59,78,80,83,60,1.5,3
S,Kavon Frazier,23,2016,69,45,87,78,75,78,0.4,3
K,Mike Nugent,35,2005,53,40,71,87,62,40,0.6,1
K,Dan Bailey,29,2011,69,58,71,88,95,58,2.5,4
K,Chris Jones,28,2011,86,56,67,90,88,56,1,1
END_PLAYERS
######################################################################  GIANTS
New York Giants,NYG
QB,Eli Manning,36,2004,60,75,99,85,70,37,18.2,3
QB,Geno Smith,27,2013,85,50,78,87,63,55,0.8,1
QB,Davis Webb,22,2017,86,45,73,90,61,47,0.7,4
RB,Shane Vereen,28,2011,80,65,78,65,81,76,3.3,1
RB,Orleans Darkwa,25,2014,71,64,78,75,85,83,0.7,1
RB,Paul Perkins,23,2016,98,63,71,70,83,80,0.4,3
RB,Wayne Gallman,23,2017,90,58,81,78,83,80,0.5,4
RB,Rhett Ellison,29,2012,79,62,64,56,67,55,3.6,4
WR,Dwayne Harris,30,2011,77,58,85,65,78,81,2.7,3
WR,Brandon Marshall,33,2006,60,71,90,73,75,80,4.1,2
WR,Tavarres King,27,2013,73,45,73,62,83,76,0.4,1
WR,Odell Beckham Jr.,25,2014,94,93,85,83,93,83,3.3,2
WR,Sterling Shepard,24,2016,75,75,83,81,85,74,1.3,3
WR,Roger Lewis,24,2016,87,54,73,63,87,70,0.3,2
WR,Matt LaCosse,25,2015,92,40,73,60,68,59,0.3,1
WR,Jerell Adams,25,2016,74,40,70,62,71,60,0.4,3
WR,Evan Engram,23,2017,77,58,73,70,85,83,2.6,4
OL,Ereck Flowers,23,2015,90,60,75,85,60,60,3.6,2
OL,Chad Wheeler,23,2017,97,45,70,65,60,60,0.4,3
OL,Justin Pugh,27,2013,75,75,78,81,70,60,2.8,1
OL,Brett Jones,26,2015,91,45,70,71,60,62,0.3,1
OL,Zak DeOssie,33,2007,72,63,83,58,40,54,0.7,2
OL,Weston Richburg,26,2014,83,83,85,83,63,60,1.1,1
OL,John Jerry,31,2010,55,70,60,81,62,60,2.6,3
OL,DJ Fluker,26,2013,85,60,78,87,60,59,2.8,1
OL,Bobby Hart,23,2015,81,63,73,71,61,59,0.4,2
DL,Jason Pierre-Paul,28,2010,78,78,78,73,85,92,12.8,4
DL,Kerry Wynn,26,2014,84,45,73,75,71,70,1.1,1
DL,Devin Taylor,28,2013,60,56,73,60,60,73,0.5,1
DL,Olivier Vernon,27,2012,76,78,87,70,73,81,10.7,4
DL,Avery Moss,23,2017,78,40,71,62,64,83,0.5,4
DL,Damon Harrison,29,2012,81,95,73,90,95,74,6.8,4
DL,Corbin Bryant,29,2011,62,52,70,75,70,68,0.5,1
DL,Jay Bromley,25,2014,97,56,73,73,67,71,0.6,1
DL,Robert Thomas,26,2014,70,40,63,93,75,57,0.3,1
DL,Dalvin Tomlinson,23,2017,67,64,73,75,81,71,0.9,4
LB,JT Thomas,29,2011,63,56,73,64,60,71,2.4,1
LB,Mark Herzlich,30,2011,78,60,78,63,63,67,0.6,1
LB,Devon Kennard,26,2014,98,63,70,75,68,73,0.6,1
LB,Curtis Grant,25,2015,89,40,67,62,63,67,0.3,2
LB,BJ Goodson,24,2016,86,52,78,73,75,73,0.6,3
LB,Calvin Munson,23,2017,81,45,78,68,68,66,0.3,3
LB,Jonathan Casillas,30,2009,83,64,61,68,60,80,2.1,1
LB,Keenan Robinson,28,2012,84,61,71,68,67,81,1.9,1
LB,Deontae Skinner,27,2014,75,45,75,62,58,66,0.4,1
CB,Dominique R-Cromartie,31,2008,75,87,68,98,90,37,5.6,2
CB,Janoris Jenkins,29,2012,76,83,87,96,87,60,8.1,4
CB,Ross Cockrell,26,2014,70,61,83,88,85,43,1.1,1
CB,Eli Apple,22,2016,90,58,83,83,88,40,3.8,3
S,Darian Thompson,24,2016,75,58,78,78,75,76,0.7,3
S,Andrew Adams,24,2016,79,50,78,76,81,62,0.3,2
S,Nat Berhe,26,2014,63,45,78,74,78,60,0.4,1
S,Landon Collins,23,2015,98,88,81,88,81,92,1.4,2
K,Aldrick Rosas,23,2016,66,40,61,83,65,40,0.3,2
K,Brad Wing,26,2014,83,45,70,87,68,45,1.4,3
END_PLAYERS
######################################################################  EAGLES
Philadelphia Eagles,PHI
QB,Nick Foles,28,2012,75,58,71,85,62,37,3.3,2
QB,Carson Wentz,25,2016,70,73,88,88,70,73,6.9,3
RB,Kenjon Barner,27,2013,69,40,83,61,88,80,0.4,1
RB,LeGarrette Blount,31,2010,53,97,81,85,78,86,0.9,1
RB,Jay Ajayi,24,2015,70,78,67,83,81,94,0.4,2
RB,Wendell Smallwood,23,2016,88,59,83,70,87,81,0.4,3
RB,Corey Clement,23,2017,88,40,73,75,78,81,0.3,3
RB,Trey Burton,26,2014,84,61,88,60,75,78,1.7,1
WR,Torrey Smith,28,2011,64,63,87,70,85,73,3.1,3
WR,Alshon Jeffery,27,2012,61,75,85,83,83,73,10.8,1
WR,Nelson Agholor,24,2015,68,63,75,68,87,78,2.3,2
WR,Marcus Johnson,23,2016,89,45,71,62,90,63,0.3,2
WR,Shelton Gibson,22,2017,84,40,73,67,90,71,0.5,4
WR,Mack Hollins,24,2017,73,56,75,70,85,71,0.6,4
WR,Brent Celek,32,2007,58,75,78,73,60,62,3.3,2
WR,Zach Ertz,27,2013,80,95,78,90,65,70,6.3,5
OL,Jason Peters,35,2004,75,95,83,95,75,81,8.1,3
OL,Chance Warmack,26,2013,96,59,87,88,61,61,0.6,2
OL,Isaac Seumalo,24,2016,86,60,73,71,60,60,0.6,3
OL,Stefen Wisniewski,28,2011,79,61,88,73,64,63,2,3
OL,Jason Kelce,30,2011,66,75,68,73,#N/A,61,4.7,4
OL,Rick Lovato,25,2015,68,40,78,59,40,56,0.3,1
OL,Brandon Brooks,28,2012,82,75,70,95,70,75,6.4,4
OL,Lane Johnson,27,2013,81,85,85,81,81,75,8.3,4
OL,Taylor Hart,26,2014,92,45,81,61,64,60,0.4,1
OL,Halapouliva Vaitai,24,2016,66,52,83,68,61,60,0.4,3
DL,Brandon Graham,29,2010,87,83,78,75,83,90,4.7,2
DL,Chris Long,32,2008,69,62,83,75,68,76,1.4,2
DL,Steven Means,27,2013,62,45,65,56,60,76,0.6,2
DL,Vinny Curry,29,2012,74,60,75,67,67,78,7.2,4
DL,Derek Barnett,21,2017,70,54,73,78,73,76,3.2,4
DL,Fletcher Cox,27,2012,83,73,81,83,88,88,14.1,6
DL,Timmy Jernigan,25,2014,71,75,71,75,75,78,6.1,5
DL,Beau Allen,26,2014,87,61,78,81,78,63,0.4,1
DL,Destiny Vaeao,23,2016,92,45,68,71,70,67,0.3,2
DL,Elijah Qualls,22,2017,75,40,83,90,81,70,0.4,4
LB,Nigel Bradham,28,2012,60,78,90,71,65,88,2.8,1
LB,Najee Goode,28,2012,70,45,73,60,60,70,0.6,1
LB,Jordan Hicks,25,2015,83,75,67,73,71,86,0.6,2
LB,Joe Walker,25,2016,85,40,83,71,67,71,0.4,3
LB,Mychal Kendricks,27,2012,83,63,73,71,68,83,5.5,3
LB,Kamu Grugier-Hill,23,2016,73,35,87,63,62,73,0.4,3
LB,Nathan Gerry,22,2017,93,40,73,60,60,70,0.4,4
CB,Patrick Robinson,30,2010,53,68,71,86,81,44,0.5,1
CB,Dexter McDougle,26,2014,88,40,64,76,87,40,0.4,2
CB,Ronald Darby,23,2015,69,67,67,94,90,53,1,2
CB,Jalen Mills,23,2016,91,58,73,83,85,53,0.4,3
CB,Sidney Jones,21,2017,77,50,68,78,85,62,1.4,4
CB,Rasul Douglas,24,2017,82,54,81,74,78,57,0.6,4
S,Corey Graham,32,2007,64,62,83,80,78,80,1.3,1
S,Rodney McLeod,27,2012,61,67,81,86,73,70,5.4,4
S,Malcolm Jenkins,30,2009,74,68,95,88,75,78,6.4,3
S,Jaylen Watkins,26,2014,76,57,83,78,87,55,0.4,1
K,Jake Elliott,22,2017,73,40,63,99,75,40,0.5,4
K,Donnie Jones,37,2004,55,45,67,73,67,45,0.9,2
END_PLAYERS
######################################################################  REDSKINS
Washington Redskins,WAS
QB,Colt McCoy,31,2010,56,58,88,67,61,46,2.3,2
QB,Kirk Cousins,29,2012,84,71,85,88,73,40,15,1
RB,Chris Thompson,27,2013,76,75,58,67,87,76,1.7,1
RB,Rob Kelley,25,2016,77,68,81,83,75,86,0.3,2
RB,Samaje Perine,22,2017,86,59,73,75,78,78,0.6,4
RB,Niles Paul,28,2011,58,56,71,57,81,67,1.5,1
WR,Terrelle Pryor ,28,2011,77,70,81,73,87,74,5.6,1
WR,Brian Quick,28,2012,63,60,75,73,78,76,0.6,1
WR,Ryan Grant,27,2014,70,62,71,68,81,66,0.4,1
WR,Jamison Crowder,24,2015,91,71,83,78,87,74,0.5,2
WR,Josh Doctson,25,2016,85,59,75,73,83,76,2.4,3
WR,Vernon Davis,33,2006,70,71,78,70,78,71,4,3
WR,Jordan Reed,27,2013,79,93,70,93,75,81,8.3,4
WR,Jeremy Sprinkle,23,2017,89,40,75,61,71,67,0.5,4
OL,Ty Nsekhe,32,2012,72,62,65,71,70,62,0.4,1
OL,Trent Williams,29,2010,84,95,83,95,85,81,9.6,4
OL,Shawn Lauvao,30,2010,75,65,78,75,62,60,3.3,1
OL,Tyler Catalina,24,2017,80,40,78,67,63,58,0.3,3
OL,Nick Sundberg,30,2009,70,45,64,56,56,45,0.8,4
OL,Spencer Long,27,2014,86,73,64,81,61,63,0.7,1
OL,Chase Roullier,24,2017,85,40,83,73,63,60,0.4,4
OL,Brandon Scherff,26,2015,91,88,81,88,83,60,5.5,2
OL,Morgan Moses,26,2014,86,75,71,83,81,60,5.4,6
OL,TJ Clemmings,26,2015,96,59,81,73,60,58,0.5,2
DL,Stacy McGee,27,2013,73,61,65,75,71,66,3.6,5
DL,Anthony Lanier,24,2016,67,40,75,59,60,73,0.3,2
DL,Jonathan Allen,22,2017,74,61,71,73,73,76,2.8,4
DL,Terrell McClain,29,2011,77,62,62,83,78,67,4.1,4
DL,Arthur Jones,31,2010,65,63,75,85,78,71,0.6,1
DL,Matt Ioannidis,23,2016,69,60,83,83,81,73,0.3,2
DL,Phil Taylor,29,2011,63,54,62,81,78,71,0.5,1
DL,Ziggy Hood,30,2009,72,60,68,81,70,70,0.9,2
LB,Chris Carter,28,2011,80,56,73,61,58,66,0.6,1
LB,Junior Galette,29,2010,60,67,65,63,63,71,0.5,1
LB,Trent Murphy,27,2014,63,65,81,64,70,74,0.9,1
LB,Preston Smith,25,2015,81,60,73,65,68,73,1.3,2
LB,Ryan Anderson,23,2017,67,45,81,70,71,66,1.1,4
LB,Mason Foster,28,2011,74,73,81,73,67,71,0.9,1
LB,Zach Brown,28,2012,63,81,70,78,63,90,1.8,1
LB,Will Compton,28,2013,85,60,81,68,64,76,1.1,1
LB,Martrell Spaight,24,2015,72,60,71,73,70,74,0.4,2
LB,Josh Harvey-Clemon,23,2017,70,45,73,64,60,70,0.4,4
LB,Ryan Kerrigan,29,2011,83,83,88,70,75,73,9.2,4
CB,Josh Norman,30,2012,66,95,93,94,81,60,11.3,4
CB,Bashaud Breeland,25,2014,70,63,73,86,78,53,0.7,1
CB,Quinton Dunbar,25,2015,90,54,75,80,87,40,0.3,1
CB,Kendall Fuller,22,2016,86,61,71,83,85,60,0.6,3
CB,Fabian Moreau,23,2017,66,45,73,83,93,55,0.7,4
CB,Joshua Holsey,24,2017,98,40,70,73,85,44,0.4,4
S,DeAngelo Hall,34,2004,55,70,71,88,81,62,3.6,1
S,DJ Swearinger,26,2013,76,70,87,83,70,57,3.6,3
S,Deshazor Everett,25,2015,70,54,73,80,78,47,0.3,1
S,Montae Nicholson,22,2017,90,56,70,80,88,62,0.6,4
K,Nick Rose,23,2016,99,35,54,35,81,35,0.3,1
K,Tress Way,27,2014,73,45,70,100,71,45,1.1,4
END_PLAYERS
######################################################################  FALCONS
Atlanta Falcons,ATL
QB,Matt Ryan,32,2008,50,90,97,93,87,40,16.5,2
QB,Matt Schaub,36,2004,61,71,73,68,61,37,3.6,2
RB,Devonta Freeman,25,2014,88,81,87,87,88,98,6.4,6
RB,Tevin Coleman,24,2015,92,70,73,81,93,92,0.6,2
RB,Terron Ward,25,2015,70,54,78,70,78,83,0.4,1
RB,Derrick Coleman,27,2012,81,54,75,65,81,68,0.4,1
WR,Andre Roberts,29,2010,81,64,81,64,83,76,1.4,1
WR,Julio Jones,28,2011,65,105,88,100,93,96,10.4,4
WR,Mohamed Sanu,28,2012,73,78,87,90,81,78,4.9,4
WR,Nick Williams,27,2013,85,60,78,67,75,67,0.4,1
WR,Taylor Gabriel,26,2014,74,71,64,75,95,71,1.7,1
WR,Justin Hardy,26,2015,91,56,83,71,78,80,0.5,2
WR,Devin Fuller,23,2016,89,40,75,60,90,63,0.4,3
WR,Marvin Hall,24,2016,86,35,81,57,88,71,0.3,1
WR,Levine Toilolo,26,2013,90,64,65,63,61,53,3.1,3
WR,Austin Hooper,23,2016,84,60,83,64,68,68,0.6,3
WR,Eric Saubert,23,2017,83,40,81,60,70,70,0.4,4
OL,Jake Matthews,25,2014,94,70,93,75,78,61,5.2,2
OL,Ty Sambrailo,25,2015,76,59,73,64,71,59,0.8,2
OL,Sean Harlow,22,2017,86,45,75,75,67,61,0.5,4
OL,Andy Levitre,31,2009,65,81,88,81,81,63,4.9,2
OL,Ben Garland,29,2010,68,45,83,68,67,61,0.4,1
OL,Alex Mack,32,2009,67,99,93,87,#N/A,81,7.1,4
OL,Josh Harris,28,2012,79,45,83,45,45,50,0.6,2
OL,Wes Schweitzer,24,2016,96,45,81,67,62,59,0.4,3
OL,Austin Pasztor,27,2012,74,60,73,70,62,68,0.5,1
OL,Ryan Schraeder,29,2013,79,81,81,78,83,73,4.8,5
DL,Adrian Clayborn,29,2011,73,64,71,71,70,78,3.4,1
DL,Brooks Reed,30,2011,71,64,81,61,68,86,3.3,3
DL,Takkarist McKinley,22,2017,78,57,73,67,65,86,2.5,4
DL,Courtney Upshaw,28,2012,67,58,90,67,70,78,0.8,1
DL,Derrick Shelby,28,2012,75,59,71,68,67,76,3.6,3
DL,Ahtyba Rubin,31,2008,77,61,78,88,83,67,0.6,1
DL,Dontari Poe,27,2012,86,65,88,95,88,81,5.3,1
DL,Grady Jarrett,24,2015,82,71,65,83,81,74,0.4,2
LB,Vic Beasley Jr.,25,2015,90,70,71,63,70,90,3.6,2
LB,LaRoy Reynolds,27,2013,71,45,71,63,68,71,1,1
LB,Deion Jones,23,2016,76,73,71,73,67,86,0.9,3
LB,Jermaine Grace,24,2017,87,45,71,62,65,73,0.3,3
LB,Sean Weatherspoon,30,2010,69,54,73,62,63,76,0.6,1
LB,De'vondre Campbell,24,2016,82,70,81,70,65,83,0.5,3
LB,Duke Riley,23,2017,93,50,78,78,68,74,0.7,4
CB,Desmond Trufant,27,2013,84,75,78,96,88,71,9.9,6
CB,Robert Alford,29,2013,76,62,70,94,90,40,7.2,4
CB,Blidi Wreh-Wilson,28,2013,61,52,70,81,81,43,0.5,1
CB,Jalen Collins,24,2015,99,61,68,88,85,46,1.2,2
CB,CJ Goodwin,27,2014,84,45,71,80,87,37,0.3,1
CB,Brian Poole,25,2016,75,67,73,78,83,63,0.3,2
S,Ricardo Allen,26,2014,68,67,87,90,83,62,0.4,1
S,Sharrod Neasman,26,2016,64,40,75,70,70,67,0.3,1
S,Damontae Kazee,24,2017,93,50,83,78,81,62,0.5,4
S,Kemal Ishmael,26,2013,73,60,73,78,73,76,1.6,1
S,Keanu Neal,22,2016,70,61,87,83,78,80,2.6,3
K,Matt Bryant,42,2002,41,57,60,97,97,57,2,1
K,Matt Bosher,30,2011,83,56,81,88,81,56,1.9,3
END_PLAYERS
######################################################################  PANTHERS
Carolina Panthers,CAR
QB,Cam Newton,28,2011,60,81,99,99,65,88,15.8,4
QB,Derek Anderson,34,2005,48,60,87,87,60,37,1.9,1
QB,Garrett Gilbert,26,2014,92,35,71,73,58,40,0.3,1
RB,Jonathan Stewart,30,2008,47,81,73,85,75,94,2.5,2
RB,Fozzy Whittaker,28,2012,56,59,68,60,81,73,0.8,2
RB,Cameron Artis-Payne,27,2015,69,35,78,73,81,76,0.4,2
RB,Christian McCaffrey,21,2017,72,54,78,68,87,81,4.4,4
RB,Alex Armah,23,2017,75,40,90,62,68,67,0.4,4
WR,Russell Shepard,27,2013,87,60,78,67,85,76,2.5,3
WR,Brenton Bersin,27,2012,83,59,75,68,73,68,0.4,1
WR,Devin Funchess,23,2015,88,60,75,70,83,80,1.2,2
WR,Kaelin Clay,25,2015,92,40,67,60,87,67,0.3,1
WR,Curtis Samuel,21,2017,68,56,75,65,95,70,1.5,4
WR,Greg Olsen,32,2007,73,99,88,99,73,71,7.2,2
WR,Ed Dickson,30,2010,80,68,78,63,70,65,1.7,1
WR,Chris Manhertz,25,2014,84,45,73,60,63,65,0.3,1
OL,Matt Kalil,28,2012,80,63,85,83,60,60,8.4,5
OL,Amini Silatolu,29,2012,88,56,78,78,62,60,0.6,1
OL,John Theus,23,2016,79,45,85,60,61,60,0.4,3
OL,Greg Van Roten,27,2012,89,45,75,71,67,61,0.4,1
OL,Andrew Norwell,26,2014,79,83,81,78,67,81,1.7,1
OL,JJ Jansen,31,2008,54,61,73,58,40,50,0.8,4
OL,Ryan Kalil,32,2007,72,85,85,83,68,61,7.1,1
OL,Tyler Larsen,26,2014,75,56,81,90,70,60,0.3,1
OL,Trai Turner,24,2014,95,78,78,81,85,64,7.7,5
OL,Daryl Williams,25,2015,72,60,73,78,68,64,0.5,2
OL,Taylor Moton,23,2017,81,45,93,78,71,65,0.8,4
DL,Julius Peppers,37,2002,50,71,83,68,70,83,3.2,1
DL,Charles Johnson,31,2007,62,75,75,68,67,76,2.5,2
DL,Bryan Cox Jr.,23,2017,87,40,68,67,68,76,0.3,3
DL,Mario Addison,30,2011,78,75,73,61,64,78,6.4,3
DL,Wes Horton,27,2013,89,60,65,61,60,73,0.8,2
DL,Daeshon Hall,22,2017,87,40,81,61,63,80,0.6,4
DL,Kyle Love,31,2010,78,64,65,73,71,65,0.8,2
DL,Star Lotulelei,28,2013,72,63,81,97,90,74,2.9,1
DL,Kawann Short,28,2013,87,83,71,78,81,78,12.6,5
DL,Vernon Butler,23,2016,67,58,78,70,71,83,2,3
LB,Ben Jacobs,29,2011,66,54,83,63,60,67,0.5,1
LB,Shaq Thompson,23,2015,97,64,83,78,68,81,2.1,2
LB,Jared Norris,24,2016,79,35,81,63,64,65,0.3,2
LB,Luke Kuechly,26,2012,76,97,97,99,87,94,10.4,5
LB,David Mayo,24,2015,85,45,67,73,68,68,0.4,2
LB,Andrew Gachkar,29,2011,64,58,70,70,61,70,0.5,1
LB,Thomas Davis,34,2005,74,81,85,85,70,83,8.4,2
CB,Captain Munnerlyn,29,2009,79,60,75,83,83,53,3.7,4
CB,Ladarius Gunter,25,2015,94,54,75,78,81,60,0.3,1
CB,Daryl Worley,22,2016,69,60,83,80,75,46,0.6,3
CB,Kevon Seymour,24,2016,81,40,65,76,90,40,0.4,3
CB,James Bradberry,24,2016,77,64,81,86,87,53,0.8,3
S,Jairus Byrd,31,2009,75,58,83,83,71,70,0.6,1
S,Kurt Coleman,29,2010,63,71,78,81,73,63,3.7,2
S,Mike Adams,36,2004,51,81,71,81,68,67,1.5,2
S,Colin Jones,30,2011,72,45,68,78,85,62,0.8,2
K,Graham Gano,30,2009,77,40,65,99,73,40,2.4,1
K,Michael Palardy,25,2014,92,40,63,87,63,40,0.3,1
END_PLAYERS
######################################################################  SAINTS
New Orleans Saints,NO
QB,Drew Brees,38,2001,52,105,97,85,88,37,7.6,1
QB,Chase Daniel,31,2009,63,57,90,73,61,40,0.6,1
QB,Taysom Hill,27,2017,83,35,71,81,54,71,0.3,3
RB,Mark Ingram,28,2011,73,81,83,81,78,88,3.1,2
RB,Daniel Lasco,25,2016,84,40,68,61,85,70,0.4,3
RB,Alvin Kamara,21,2017,99,59,71,75,81,92,0.8,4
RB,Trey Edmunds,23,2017,70,40,68,63,85,76,0.3,3
RB,Zach Line,27,2013,74,40,85,67,70,68,0.5,1
WR,Ted Ginn Jr.,32,2007,61,70,67,63,90,76,2.9,3
WR,Brandon Coleman,25,2014,78,62,70,71,78,71,0.3,1
WR,Willie Snead,25,2014,86,73,75,75,83,66,0.4,1
WR,Michael Thomas,23,2016,81,83,81,88,83,74,1.1,3
WR,Tommylee Lewis,25,2016,86,40,71,63,87,68,0.3,2
WR,Austin Carr,24,2017,94,40,78,67,75,80,0.3,3
WR,Michael Hoomanawanui,29,2010,87,63,68,64,62,46,1.2,2
WR,Coby Fleener,29,2012,81,68,71,71,78,71,4.8,4
WR,Josh Hill,27,2013,77,60,68,67,70,66,2,2
OL,Terron Armstead,26,2013,77,83,70,81,64,83,9.5,5
OL,Ryan Ramczyk,23,2017,86,60,87,81,64,63,2.1,4
OL,Senio Kelemete,27,2012,88,60,73,75,60,63,0.9,1
OL,Andrus Peat,24,2015,91,63,67,75,67,59,2.8,2
OL,Max Unger,31,2009,57,93,85,78,60,60,5.5,3
OL,Josh LeRibeus,28,2012,72,56,78,81,60,62,0.5,1
OL,Zach Wood,24,2016,96,40,70,60,40,45,0.3,2
OL,Larry Warford,26,2013,95,65,88,83,61,67,6.6,4
OL,Zach Strief,34,2006,72,83,83,83,73,60,3.2,2
OL,Bryce Harris,28,2012,75,45,75,68,70,60,0.5,1
DL,Alex Okafor,26,2013,79,63,88,61,61,71,1.9,1
DL,Trey Hendrickson,23,2017,80,40,81,64,67,83,0.6,4
DL,Cameron Jordan,28,2011,64,85,88,87,88,88,8.9,4
DL,Al-Quadin Muhammad,22,2017,74,40,75,63,63,78,0.4,4
DL,Nick Fairley,29,2011,86,64,81,81,78,76,5.6,4
DL,John Hughes III,29,2012,72,57,70,73,73,68,0.5,1
DL,Tyeler Davison,25,2015,69,61,67,87,73,67,0.4,2
DL,Sheldon Rankins,23,2016,89,60,83,75,75,80,3.2,3
DL,David Onyemata,25,2016,97,60,75,83,75,76,0.5,3
LB,Gerald Hodges Jr.,26,2013,89,64,81,81,67,74,0.5,1
LB,AJ Klein,26,2013,66,61,87,71,62,71,4.4,4
LB,Hau'oli Kikaha,25,2015,82,60,64,60,62,73,1.1,2
LB,Manti Te'o,26,2013,77,65,81,75,64,74,1.8,2
LB,Craig Robertson,29,2011,66,63,75,75,64,71,1.3,2
LB,Michael Mauti,27,2013,71,59,65,75,71,66,0.5,1
LB,Alex Anzalone,23,2017,79,52,64,68,65,71,0.7,4
CB,PJ Williams,24,2015,73,45,81,80,85,66,0.6,2
CB,Delvin Breaux,28,2015,87,62,68,86,85,57,0.3,1
CB,De'vante Harris,24,2016,79,40,73,78,81,40,0.3,2
CB,Ken Crawley,24,2016,95,60,81,83,87,43,0.3,2
CB,Marshon Lattimore,21,2017,71,60,64,90,93,62,3.9,4
S,Rafael Bush,30,2010,58,62,70,81,78,59,0.6,1
S,Vonn Bell,23,2016,92,60,78,78,81,74,0.8,3
S,Marcus Williams,21,2017,77,59,83,86,78,74,1.4,4
S,Kenny Vaccaro,26,2013,71,67,90,86,73,74,2.7,1
S,Chris Banjo,27,2013,83,45,71,80,81,53,1,2
K,Wil Lutz,23,2016,95,45,63,97,81,45,0.3,2
K,Thomas Morstead,31,2009,69,54,83,93,93,54,2.7,2
END_PLAYERS
######################################################################  BUCCANEERS
Tampa Bay Buccaneers,TB
QB,Ryan Fitzpatrick,35,2005,65,56,75,78,61,43,1.9,1
QB,Ryan Griffin,28,2013,69,40,73,71,61,37,0.6,2
QB,Jameis Winston,23,2015,85,65,97,95,65,71,6.6,2
RB,Jacquizz Rodgers,27,2011,77,63,78,83,78,90,1,2
RB,Charles Sims III,27,2014,87,67,75,68,83,78,0.6,1
RB,Doug Martin,28,2012,82,70,83,88,81,96,4.5,4
RB,Peyton Barber,23,2016,73,40,75,63,75,73,0.3,2
RB,Luke Stocker,29,2011,52,59,81,57,67,59,1,1
WR,DeSean Jackson,31,2008,54,83,71,85,93,81,7,3
WR,Mike Evans,24,2014,97,97,87,81,81,80,4.9,2
WR,Adam Humphries,24,2015,96,75,68,81,81,67,0.4,1
WR,Freddie Martino,26,2014,80,40,71,63,83,73,0.4,1
WR,Bernard Reedy,26,2014,82,45,71,65,81,67,0.3,1
WR,Chris Godwin,21,2017,77,45,93,68,87,81,0.6,4
WR,Cameron Brate,26,2014,97,71,73,78,65,60,0.4,1
WR,OJ Howard,23,2017,75,54,93,68,78,74,2.7,4
WR,Antony Auclair,24,2017,88,40,81,58,61,70,0.3,3
OL,Donovan Smith,24,2015,70,63,68,81,60,60,1.4,2
OL,Leonard Wester,24,2016,87,35,71,64,60,61,0.3,2
OL,Kevin Pamphile,27,2014,64,60,71,68,61,60,0.6,1
OL,Garrison Sanborn,32,2009,83,45,71,62,54,45,0.6,1
OL,Joe Hawley,29,2010,76,71,81,83,63,61,1.8,2
OL,Ali Marpet,24,2015,89,78,75,81,68,62,0.7,2
OL,Evan Smith,31,2009,62,63,71,73,63,62,2.2,1
OL,JR Sweezy,28,2012,85,63,70,71,60,64,3.8,4
OL,Demar Dotson,32,2009,75,70,78,75,81,83,2.6,3
OL,Caleb Benenoch,23,2016,81,45,70,63,64,59,0.4,3
DL,Robert Ayers,32,2009,43,70,68,63,65,76,4.1,2
DL,Ryan Russell,25,2015,73,50,62,63,60,76,0.4,1
DL,Noah Spence,23,2016,75,58,73,65,65,83,1.3,3
DL,Darryl Tapp,33,2006,67,60,78,58,60,74,0.6,1
DL,William Gholston,26,2013,65,65,68,62,67,76,3.4,5
DL,Will Clarke,26,2014,77,45,73,61,63,76,0.4,1
DL,Clinton McDonald,30,2009,66,60,71,81,75,73,1.9,1
DL,Gerald McCoy,29,2010,70,81,75,88,88,83,10.2,5
DL,Chris Baker,30,2009,56,73,67,85,78,73,3.3,3
DL,Sealver Siliga,27,2011,85,59,68,81,83,67,0.8,1
LB,Devante Bond,24,2016,92,45,71,60,60,71,0.4,3
LB,Adarius Glanton,27,2014,81,52,73,64,65,73,0.4,1
LB,Kwon Alexander,23,2015,96,71,73,67,68,83,0.5,2
LB,Lavonte David,27,2012,70,81,95,83,68,90,6.3,4
LB,Cameron Lynch,24,2015,99,40,81,61,65,67,0.4,1
LB,Kendell Beckwith,23,2017,84,63,70,78,75,73,0.6,4
CB,Brent Grimes,34,2006,74,85,73,94,78,44,4.2,1
CB,Robert McClain,29,2010,81,58,71,81,78,43,0.5,1
CB,Vernon Hargreaves,22,2016,82,54,81,86,85,63,3.5,3
CB,Ryan Smith,24,2016,80,40,73,76,85,40,0.6,3
CB,Javien Elliott,24,2016,91,45,73,73,75,55,0.3,1
S,Josh Robinson,26,2012,65,56,71,86,88,40,1.6,2
S,Keith Tandy,28,2012,88,61,87,83,78,63,0.6,1
S,TJ Ward,31,2010,61,67,90,81,78,73,4.3,1
S,Chris Conte,28,2011,82,67,78,80,75,53,1.6,2
S,Justin Evans,22,2017,67,45,83,81,78,76,1.1,4
K,Patrick Murray,26,2014,97,35,63,88,73,35,0.3,1
K,Bryan Anger,29,2012,71,57,85,95,93,57,2.1,5
END_PLAYERS
######################################################################  CARDINALS
Arizona Cardinals,ARZ
QB,Carson Palmer,38,2003,46,75,88,87,67,37,15.8,2
QB,Blaine Gabbert,28,2011,73,60,83,81,60,45,0.6,1
QB,Drew Stanton,33,2007,59,60,75,83,61,37,2.7,1
RB,Adrian Peterson,32,2007,41,71,85,75,85,94,1.3,2
RB,Andre Ellington,28,2013,78,60,68,60,85,71,0.6,1
RB,Kerwynn Williams,26,2013,78,59,75,67,83,80,0.3,1
RB,David Johnson,26,2015,85,85,87,88,88,100,0.6,2
RB,DJ Foster,24,2016,94,35,73,62,85,76,0.4,2
RB,Elijhaa Penny,24,2016,92,45,65,68,67,78,0.3,1
RB,Ricky Seals-Jones,22,2017,90,35,71,57,70,62,0.3,3
WR,Larry Fitzgerald,34,2004,71,99,97,99,71,73,11.5,1
WR,Brittan Golden,29,2012,82,54,71,63,81,67,0.4,1
WR,Jaron Brown,27,2013,87,64,71,81,87,76,0.8,1
WR,John Brown,27,2014,68,67,68,81,93,80,0.7,1
WR,JJ Nelson,25,2015,90,63,62,71,97,67,0.4,2
WR,Chad Williams,23,2017,95,40,78,71,85,74,0.6,4
WR,Jermaine Gresham,29,2010,90,64,81,75,67,74,5.5,4
WR,Troy Niklas,25,2014,82,40,73,63,62,63,0.8,1
OL,John Wetzel,26,2013,87,52,70,75,65,58,0.3,1
OL,DJ Humphries,24,2015,68,54,75,81,68,60,2.1,2
OL,Mike Iupati,30,2010,85,64,83,88,78,59,5.8,3
OL,Earl Watford,27,2013,86,61,85,73,60,57,0.5,1
OL,Will Holden,24,2017,78,40,75,73,63,59,0.5,4
OL,Justin Drescher,29,2010,78,60,75,60,40,56,0.6,1
OL,AQ Shipley,31,2009,64,75,81,78,61,59,1.3,2
OL,Max Tuerk,23,2016,70,45,75,64,68,62,0.7,3
OL,Alex Boone,30,2009,77,62,71,85,61,62,0.6,1
OL,Evan Boehm,24,2016,76,60,85,70,63,59,0.5,3
OL,Jared Veldheer,30,2010,63,68,81,99,61,59,5.3,2
DL,Josh Mauro,26,2014,73,60,85,73,70,68,2.1,2
DL,Olsen Pierre,26,2015,81,45,68,64,67,70,0.3,1
DL,Xavier Williams,25,2015,93,54,75,70,65,66,0.3,1
DL,Frostee Rucker,34,2006,74,68,71,65,71,74,0.7,1
DL,Robert Nkemdiche,23,2016,92,56,75,67,68,86,2,3
DL,Corey Peters,29,2010,73,75,68,81,81,74,2.3,1
DL,Rodney Gunter,25,2015,85,54,67,60,65,73,0.5,2
LB,Chandler Jones,27,2012,86,85,78,71,71,83,12.2,5
LB,Kareem Martin,25,2014,77,45,71,67,68,68,0.5,1
LB,Karlos Dansby,36,2004,56,67,81,83,81,68,1.7,1
LB,Josh Bynes,28,2011,77,64,71,73,68,68,0.5,1
LB,Deone Bucannon,25,2014,94,70,85,71,67,86,2.7,2
LB,Scooby Wright III,23,2016,75,59,70,64,64,73,0.3,1
LB,Haason Reddick,23,2017,99,58,81,65,67,81,3.3,4
LB,Markus Golden,26,2015,82,73,75,64,60,73,0.8,2
CB,Patrick Peterson,27,2011,64,81,90,100,88,47,10.7,4
CB,Tramon Williams,34,2006,71,60,85,83,71,40,1.6,1
CB,Justin Bethel,27,2012,68,59,78,90,78,55,2.3,1
CB,Brandon Williams,25,2016,91,45,85,78,90,40,0.6,3
S,Tyrann Mathieu,25,2013,81,73,73,92,85,71,9.8,5
S,Antoine Bethea,33,2006,42,65,75,74,88,71,3.1,3
S,Rudy Ford,23,2017,76,40,78,81,75,71,0.4,4
S,Budda Baker,21,2017,70,45,83,78,87,68,1.6,4
S,Tyvon Branch,31,2008,83,73,78,90,85,71,2.2,1
K,Phil Dawson,42,1998,61,45,63,88,83,45,2.2,2
K,Andy Lee,35,2004,57,45,67,97,71,45,2.4,2
END_PLAYERS
######################################################################  RAMS
Los Angeles Rams,LAR
QB,Sean Mannion,25,2015,89,40,78,81,60,37,0.6,2
QB,Jared Goff,23,2016,66,67,87,88,67,40,7.3,3
QB,Brandon Allen,25,2016,75,40,70,81,60,37,0.4,3
RB,Lance Dunbar,27,2012,87,60,64,63,87,80,0.9,1
RB,Todd Gurley,23,2015,73,85,75,83,88,96,3.5,2
RB,Malcolm Brown,24,2015,76,40,73,65,83,71,0.3,1
RB,Justin Davis,22,2017,75,40,73,61,81,80,0.3,3
RB,Tyler Higbee,24,2016,91,60,81,61,65,71,0.6,3
WR,Tavon Austin,26,2013,88,62,78,62,95,78,6.4,5
WR,Robert Woods,25,2013,98,67,85,75,87,73,4.3,5
WR,Sammy Watkins,24,2014,88,64,83,75,88,90,5.1,1
WR,Pharoh Cooper,22,2016,78,45,75,63,78,63,0.5,3
WR,Mike Thomas,23,2016,81,40,83,61,81,63,0.4,3
WR,Cooper Kupp,24,2017,89,60,83,78,78,76,0.7,4
WR,Josh Reynolds,22,2017,91,45,75,73,81,67,0.6,4
WR,Derek Carrier,27,2012,83,57,70,62,78,70,0.6,1
WR,Gerald Everett,23,2017,87,45,75,70,73,74,1.3,4
OL,Andrew Whitworth,36,2006,59,95,85,93,78,73,8.1,3
OL,Rodger Saffold,29,2010,84,65,65,71,75,59,4.5,2
OL,Jake McQuaide,30,2011,88,45,68,59,40,45,0.6,1
OL,John Sullivan,32,2008,64,70,88,75,63,60,0.7,1
OL,Austin Blythe,25,2016,69,40,93,68,67,60,0.4,3
OL,Andrew Donnal,25,2015,66,52,71,62,62,60,0.5,2
OL,Jamon Brown,24,2015,84,60,68,78,70,58,0.6,2
OL,Cornelius Lucas,26,2014,93,57,65,60,63,60,0.4,1
OL,Rob Havenstein,25,2015,68,73,73,71,81,60,0.8,2
OL,Darrell Williams,24,2015,89,40,70,60,63,63,0.3,1
DL,Ethan Westbrooks,27,2014,65,61,68,68,64,70,1.1,1
DL,Morgan Fox,23,2016,90,45,83,71,71,78,0.3,1
DL,Dominique Easley,25,2014,77,64,62,70,70,73,1.1,1
DL,Aaron Donald,26,2014,67,85,88,95,93,94,3,2
DL,Tanzel Smart,23,2017,98,54,70,67,64,67,0.4,4
DL,Tyrunn Walker,27,2012,65,50,65,68,65,68,0.5,1
DL,Michael Brockers,27,2012,70,75,81,78,83,81,7.2,3
LB,Connor Barwin,31,2009,67,62,87,64,67,80,2.2,1
LB,Matt Longacre,26,2015,98,50,75,60,60,70,0.4,1
LB,Alec Ogletree,26,2013,79,65,78,75,65,81,2.5,1
LB,Mark Barron,28,2012,61,63,75,70,64,80,6.3,4
LB,Bryce Hager,25,2015,69,45,70,70,68,71,0.4,2
LB,Cory Littleton,24,2016,98,45,70,56,58,70,0.3,2
LB,Robert Quinn,27,2011,72,70,78,65,73,80,7.7,3
LB,Ejuan Price,24,2017,91,45,65,63,64,67,0.4,4
LB,Samson Ebukam,22,2017,85,45,83,67,71,76,0.6,4
CB,Kayvon Webster,26,2013,68,61,87,86,85,67,2.4,2
CB,Trumaine Johnson,27,2012,85,73,70,90,81,63,10.5,1
CB,Nickell Robey,25,2013,80,68,78,94,83,37,0.6,1
CB,Troy Hill,26,2015,73,45,78,81,78,40,0.4,1
CB,Dominique Hatfield,23,2017,96,40,73,70,73,40,0.3,3
S,Cody Davis,28,2013,90,54,71,86,85,67,0.9,1
S,Lamarcus Joyner,27,2014,61,70,81,88,81,63,1.1,1
S,Marqui Christian,23,2016,68,40,78,73,81,71,0.4,3
S,Blake Countess,24,2016,99,35,71,73,81,43,0.3,2
S,John Johnson,22,2017,74,52,85,81,73,71,0.6,4
K,Greg Zuerlein,30,2012,78,45,70,95,83,45,1.6,3
K,Johnny Hekker,27,2012,82,57,73,99,97,57,2,4
END_PLAYERS
######################################################################  SEAHAWKS
Seattle Seahawks,SEA
QB,Russell Wilson,29,2012,84,83,99,90,73,73,14.8,3
QB,Austin Davis,28,2012,90,50,78,73,62,45,0.6,1
RB,Eddie Lacy,27,2013,80,62,85,75,75,83,3.6,1
RB,Thomas Rawls,24,2015,95,75,71,85,85,90,0.3,1
RB,CJ Prosise,23,2016,83,54,71,65,85,81,0.6,3
RB,JD McKissic,24,2016,95,45,75,57,81,73,0.3,1
RB,Christopher Carson,23,2017,93,62,68,83,75,81,0.4,4
RB,Nick Vannett,24,2016,93,40,71,60,61,67,0.6,3
WR,Doug Baldwin,29,2011,73,95,81,93,85,71,6.6,4
WR,Paul Richardson,25,2014,87,64,70,73,93,73,1,1
WR,Tyler Lockett,25,2015,69,64,70,75,90,78,0.6,2
WR,Tanner McEvoy,24,2016,98,45,78,64,78,73,0.3,2
WR,Amara Darboh,23,2017,70,52,81,68,87,74,0.6,4
WR,Jimmy Graham,31,2010,64,75,75,75,73,74,6.3,1
WR,Luke Willson,27,2013,71,60,68,68,78,67,1.6,1
OL,Duane Brown,32,2008,52,88,85,85,81,75,5.6,2
OL,Matt Tobin,27,2013,86,52,73,64,62,60,0.5,1
OL,Luke Joeckel,26,2013,84,59,75,78,61,60,7.2,1
OL,Jordan Roos,24,2017,82,40,71,93,63,57,0.3,3
OL,Justin Britt,26,2014,85,85,71,78,71,61,5.2,4
OL,Tyler Ott,25,2014,75,35,71,58,40,40,0.3,1
OL,Ethan Pocic,22,2017,82,56,81,73,71,61,0.9,4
OL,Oday Aboushi,26,2013,98,63,85,63,60,60,0.7,1
OL,Mark Glowinski,25,2015,70,56,83,87,60,57,0.5,2
OL,Germain Ifedi,23,2016,81,62,75,68,60,61,1.9,3
DL,Michael Bennett,32,2009,49,71,81,85,88,88,7.1,4
DL,Cliff Avril,31,2008,63,78,83,61,61,80,4.7,2
DL,Garrison Smith,26,2014,77,40,75,75,70,66,0.3,1
DL,Dwight Freeney,37,2002,50,61,65,60,60,74,0.6,1
DL,Dion Jordan,27,2013,75,45,67,50,60,90,0.4,1
DL,Frank Clark,24,2015,82,63,65,81,63,73,0.7,2
DL,Quinton Jefferson,24,2016,92,40,71,64,65,76,0.4,3
DL,Sheldon Richardson,27,2013,64,63,75,81,88,88,3.2,1
DL,Jarran Reed,25,2016,84,59,78,85,85,74,1,3
DL,Nazair Jones,23,2017,91,57,70,78,71,70,0.6,4
LB,Terence Garvin,26,2013,81,45,75,63,60,68,0.6,1
LB,Marcus Smith II,25,2014,70,56,73,61,62,71,0.4,1
LB,Josh Forrest,25,2016,75,40,85,56,54,68,0.3,1
LB,Bobby Wagner,27,2012,68,90,85,99,78,94,8,3
LB,Michael Wilhoite,31,2011,59,61,78,70,64,76,1.3,1
LB,KJ Wright,28,2011,69,75,85,88,68,74,5,2
LB,DJ Alexander,26,2015,80,45,64,63,60,74,0.4,2
CB,Richard Sherman,29,2011,86,87,97,100,81,62,10.5,2
CB,Neiko Thorpe,27,2012,64,40,78,76,85,43,1.3,2
CB,Jeremy Lane,27,2012,63,61,73,88,81,44,4.4,3
CB,DeShawn Shead,29,2012,68,68,73,86,78,68,0.8,1
CB,Justin Coleman,24,2015,92,58,75,83,81,43,0.4,1
CB,Shaquill Griffin,22,2017,86,54,81,83,88,62,0.6,4
S,Earl Thomas III,28,2010,73,87,87,96,87,74,6.9,2
S,Brad McDougald,27,2013,71,67,75,83,81,68,1.6,1
S,Kam Chancellor,29,2010,89,87,93,92,78,88,8.4,4
S,Delano Hill,22,2017,78,45,81,71,75,74,0.6,4
S,Tedric Thompson,22,2017,92,45,73,76,75,67,0.6,4
K,Blair Walsh,27,2012,67,40,75,93,63,40,0.7,1
K,Jon Ryan,36,2006,50,45,68,83,68,45,1.9,3
END_PLAYERS
######################################################################  49ERS
San Francisco 49ers,SF
QB,Jimmy Garoppolo,26,2014,73,60,88,85,67,43,0.7,1
QB,CJ Beathard,24,2017,96,45,75,87,62,55,0.7,4
RB,Carlos Hyde,26,2014,72,73,78,78,83,94,0.7,1
RB,Raheem Mostert,25,2015,79,45,75,58,90,73,0.4,1
RB,Matt Breida,22,2017,69,52,73,70,90,78,0.3,3
RB,Kyle Juszczyk,26,2013,85,73,87,65,68,73,4.1,4
WR,Aldrick Robinson,29,2011,64,60,70,64,88,71,1.3,2
WR,Pierre Garcon,31,2008,81,95,78,95,83,76,7.4,5
WR,Marquise Goodwin,27,2013,76,63,68,67,95,67,2.7,2
WR,Trent Taylor,23,2017,88,45,81,75,75,80,0.4,4
WR,Kendrick Bourne,22,2017,86,40,67,62,78,73,0.3,3
WR,Victor Bolden Jr.,22,2017,84,40,78,63,85,67,0.3,3
WR,Garrett Celek,29,2012,69,50,65,63,65,63,2,3
WR,George Kittle,24,2017,89,60,73,68,78,66,0.5,4
OL,Joe Staley,33,2007,56,93,85,88,71,63,5,3
OL,Darrell Williams,24,2017,85,40,75,63,61,60,0.3,1
OL,Zane Beadles,31,2010,72,62,85,70,60,56,2.6,2
OL,Laken Tomlinson,25,2015,78,60,75,78,61,60,2,2
OL,Daniel Kilgore,30,2011,78,64,75,83,60,60,1.1,1
OL,Kyle Nelson,31,2011,50,50,71,54,40,45,0.7,2
OL,Brandon Fusco,29,2011,89,60,65,83,75,60,0.9,1
OL,Joshua Garnett,23,2016,82,61,81,71,61,59,2.2,3
OL,Erik Magnuson,23,2017,75,45,67,67,62,60,0.3,3
OL,Trent Brown,24,2015,78,78,65,87,67,81,0.4,2
DL,Elvis Dumervil,33,2006,45,64,73,63,64,76,2.8,2
DL,Leger Douzable,31,2008,75,64,67,70,73,68,0.6,1
DL,Aaron Lynch,24,2014,80,60,67,61,64,80,0.6,1
DL,Arik Armstead,24,2015,73,62,68,73,78,78,2.4,2
DL,Ronald Blair,24,2016,93,40,78,71,70,78,0.5,3
DL,Datone Jones,27,2013,62,61,71,67,63,73,0.5,1
DL,Tank Carradine,27,2013,86,64,68,85,78,83,2.4,1
DL,Tony McDaniel,32,2006,42,64,64,81,81,66,0.6,1
DL,Earl Mitchell,30,2010,50,58,70,65,67,78,3,4
DL,DeForest Buckner,23,2016,68,75,87,75,81,86,4.6,3
DL,Solomon Thomas,22,2017,66,54,88,87,81,83,7.3,4
DL,DJ Jones,22,2017,76,40,83,83,71,74,0.4,4
LB,Dekoda Watson,29,2010,74,45,65,60,57,74,1.3,3
LB,Eli Harold,23,2015,82,50,75,62,64,74,0.6,2
LB,Pita Taumoepenu,23,2017,95,40,83,58,61,67,0.4,4
LB,Brock Coyle,27,2014,74,56,85,64,65,76,1.2,1
LB,Elijah Lee,21,2017,74,40,85,65,61,71,0.4,4
LB,Malcolm Smith,28,2011,85,67,70,68,64,81,4.2,5
LB,Ray-Ray Armstrong,26,2013,81,60,71,67,60,74,1.1,2
LB,Reuben Foster,23,2017,81,59,68,73,75,76,2.1,4
CB,Leon Hall,33,2007,48,56,83,76,78,60,0.6,1
CB,Dontae Johnson,26,2014,80,56,78,83,87,40,0.5,1
CB,K'Waun Williams,26,2014,70,52,78,81,81,44,0.4,1
CB,Ahkello Witherspoon,22,2017,76,45,71,83,87,37,0.8,4
S,Jimmie Ward,26,2014,66,63,85,88,85,67,2.5,2
S,Adrian Colbert,24,2017,80,40,75,71,83,45,0.4,4
S,Eric Reid,26,2013,69,63,78,88,81,60,2.5,1
S,Jaquiski Tartt,25,2015,84,67,83,83,83,59,1.1,2
S,Dexter McCoil,26,2015,60,45,85,73,75,62,0.3,2
K,Robbie Gould,36,2005,42,40,65,93,73,40,1.4,2
K,Bradley Pinion,23,2015,81,40,67,87,61,40,0.4,2
END_PLAYERS
